15001,-9.1969,0.1642,1.8542
15011,-9.1971,0.1563,1.7903
15029,-9.213,0.15311,1.7424
15033,-9.2065,0.14662,1.7359
15042,-9.1825,0.13396,1.7572
15056,-9.1585,0.13396,1.7969
15067,-9.1154,0.13583,1.8246
15073,-9.0981,0.14639,1.8832
15084,-9.1096,0.13396,1.8725
15100,-9.1336,0.15033,1.8409
15107,-9.1555,0.13185,1.819
15113,-9.1625,0.11481,1.8328
15121,-9.1629,0.13831,1.8808
15137,-9.1722,0.16969,1.9122
15156,-9.1724,0.15775,1.8886
15159,-9.1555,0.19142,1.831
15163,-9.1555,0.20338,1.807
15170,-9.1555,0.19374,1.7998
15189,-9.1939,0.17226,1.819
15194,-9.1865,0.1649,1.8116
15202,-9.1747,0.12872,1.812
15211,-9.1577,0.11481,1.819
15230,-9.1528,0.1367,1.8409
15234,-9.1288,0.15311,1.8346
15242,-9.1172,0.1655,1.7998
15252,-9.1,0.20677,1.8171
15271,-9.1364,0.18843,1.822
15274,-9.1364,0.18004,1.8381
15290,-9.1491,0.17874,1.8128
15298,-9.1381,0.13728,1.8348
15310,-9.1364,0.118,1.8317
15314,-9.1284,0.13396,1.7998
15323,-9.143,0.13396,1.8256
15332,-9.1379,0.16934,1.8204
15353,-9.1364,0.18799,1.8224
15356,-9.1281,0.17226,1.8547
15363,-9.1435,0.18536,1.8633
15371,-9.1376,0.17348,1.8752
15394,-9.1364,0.14946,1.8956
15396,-9.1364,0.14244,1.8786
15403,-9.1497,0.15311,1.8706
15413,-9.1555,0.15311,1.8764
15436,-9.1133,0.15311,1.8725
15437,-9.0981,0.1618,1.8747
15443,-9.0981,0.17226,1.8821
15458,-9.1165,0.17226,1.858
15469,-9.1214,0.16811,1.8915
15475,-9.1454,0.15311,1.8585
15483,-9.1418,0.13931,1.8244
15495,-9.1178,0.13396,1.8376
15510,-9.132,0.11043,1.8573
15528,-9.1172,0.11406,1.8757
15529,-9.1172,0.14795,1.9096
15532,-9.1172,0.13425,1.9147
15551,-9.1218,0.15311,1.9385
15559,-9.127,0.15311,1.9436
15565,-9.1172,0.16731,1.9339
15573,-9.1554,0.17226,1.9148
15593,-9.1555,0.1866,1.8861
15599,-9.1459,0.1626,1.9147
15605,-9.1364,0.12424,1.9147
15619,-9.1554,0.11481,1.9149
15629,-9.1264,0.10977,1.9339
15639,-9.0981,0.095642,1.9437
15647,-9.1273,0.095642,1.9531
15660,-9.1743,0.11481,1.9534
15670,-9.1555,0.10956,1.946
15678,-9.1253,0.11581,1.826
15688,-9.0981,0.13396,1.7509
15699,-9.0975,0.11597,1.8207
15709,-9.0844,0.15855,1.8874
15720,-9.0878,0.15157,1.9147
15728,-9.0789,0.11879,1.9147
15741,-9.0622,0.1156,1.9156
15750,-9.1286,0.12259,1.9112
15760,-9.1555,0.095642,1.8045
15767,-9.1402,0.095642,1.7462
15781,-9.1172,0.11581,1.7666
15789,-9.1055,0.13396,1.8809
15799,-9.0682,0.12317,1.9447
15805,-9.0442,0.11481,1.9375
15821,-9.0623,0.13271,1.8919
15832,-9.1164,0.12091,1.8137
15847,-9.1776,0.13396,1.7065
15851,-9.1939,0.11813,1.6341
15861,-9.1866,0.13249,1.6672
15869,-9.0981,0.10213,1.7039
15879,-9.0757,0.076492,1.776
15886,-9.0598,0.060455,1.896
15901,-9.0963,0.059082,1.9931
15910,-9.0855,0.076492,2.004
15920,-9.1438,0.087921,1.9228
15929,-9.2397,0.11189,1.8277
15941,-9.2857,0.13591,1.7846
15950,-9.231,0.15311,1.8325
15969,-9.1473,0.17641,1.8923
15972,-9.0843,0.17494,1.9312
15982,-9.0598,0.19142,1.8934
15989,-9.0527,0.18437,1.8624
16000,-9.0525,0.17226,1.85
16010,-9.1265,0.17226,1.874
16022,-9.1388,0.13155,1.8501
16030,-9.1628,0.093033,1.7998
16041,-9.1747,0.069427,1.8119
16050,-9.1916,0.076492,1.819
16062,-9.2104,0.057343,1.8381
16071,-9.1864,0.057343,1.8232
16089,-9.1747,0.082001,1.7875
16092,-9.1575,0.11284,1.7807
16102,-9.1364,0.1368,1.7835
16112,-9.1364,0.15311,1.7767
16122,-9.1364,0.15311,1.7674
16134,-9.1192,0.15311,1.7979
16145,-9.1172,0.112,1.8218
16151,-9.1172,0.095642,1.8538
16161,-9.13,0.082916,1.8764
16170,-9.1364,0.076492,1.8412
16183,-9.1555,0.11481,1.7934
16191,-9.1475,0.11481,1.7615
16208,-9.1364,0.12776,1.7745
16210,-9.154,0.13396,1.816
16223,-9.1781,0.11137,1.9285
16231,-9.1939,0.095642,1.9997
16242,-9.1939,0.095642,2.0105
16250,-9.1939,0.095642,1.9747
16263,-9.1747,0.072845,1.9038
16271,-9.1662,0.065826,1.8403
16288,-9.1555,0.06311,1.7655
16293,-9.1555,0.057343,1.7424
16303,-9.1786,0.095642,1.7002
16316,-9.2113,0.095642,1.6675
16320,-9.2186,0.10919,1.6331
16331,-9.213,0.096298,1.6829
16343,-9.1515,0.076492,1.7122
16352,-9.1186,0.076492,1.7335
16363,-9.0843,0.09024,1.7645
16370,-9.0789,0.095642,1.7994
16383,-9.0875,0.076492,1.7572
16391,-9.1264,0.085617,1.7332
16404,-9.1504,0.08165,1.7232
16411,-9.1934,0.11436,1.6853
16424,-9.213,0.095642,1.7277
16436,-9.2036,0.11443,1.733
16440,-9.1796,0.14816,1.7517
16451,-9.1555,0.17226,1.7807
16468,-9.1604,0.14825,1.8141
16473,-9.1555,0.12434,1.7518
16481,-9.122,0.11481,1.6319
16501,-9.0985,0.076706,1.6277
16508,-9.1415,0.090576,1.6618
16521,-9.1752,0.06665,1.7041
16528,-9.1792,0.086746,1.7482
16540,-9.1555,0.095642,1.7607
16544,-9.1555,0.095642,1.7128
16552,-9.1656,0.085587,1.6749
16562,-9.1747,0.10635,1.6658
16588,-9.1569,0.11481,1.6638
16591,-9.1939,0.10936,1.5974
16592,-9.2042,0.10594,1.57
16601,-9.1827,0.099625,1.5852
16622,-9.1155,0.13133,1.631
16627,-9.0675,0.070755,1.7155
16642,-9.0512,0.057343,1.7107
16650,-9.1367,0.072708,1.6542
16662,-9.2354,0.078674,1.6669
16677,-9.2837,0.12074,1.6849
16680,-9.2705,0.14473,1.6526
16684,-9.2861,0.15311,1.6274
16701,-9.2692,0.15178,1.5839
16708,-9.2513,0.13396,1.4939
16715,-9.2403,0.15594,1.4111
16723,-9.2163,0.17226,1.4102
16745,-9.1096,0.15004,1.4359
16759,-9.0087,0.095642,1.4423
16761,-8.9607,0.068542,1.4775
16766,-8.9449,0.044296,1.5417
16780,-9.0078,0.019028,1.5718
16796,-9.0729,0.025589,1.5563
16796,-9.1321,0.038177,1.4934
16801,-9.1719,0.054489,1.4934
16822,-9.1576,0.074448,1.5146
16836,-9.1541,0.057343,1.5317
16837,-9.0822,0.033936,1.52
16841,-9.0267,-0.030609,1.5291
16861,-9.0001,-0.10492,1.5125
16873,-8.9975,-0.17966,1.4911
16874,-9.0334,-0.20364,1.4311
16882,-9.0909,-0.21082,1.4
16900,-9.1605,-0.23245,1.4267
16910,-9.2159,-0.25649,1.5007
16915,-9.2879,-0.30484,1.5613
16922,-9.3427,-0.32573,1.5722
16940,-9.3689,-0.34489,1.5891
16952,-9.3703,-0.34489,1.5891
16955,-9.3099,-0.32008,1.5768
16963,-9.2552,-0.2894,1.5528
16980,-9.1909,-0.22997,1.473
16989,-9.1747,-0.22997,1.3284
16995,-9.1999,-0.21741,1.1821
17004,-9.2304,-0.19342,1.0076
17021,-9.2705,-0.13101,0.94113
17031,-9.2705,-0.098953,0.97319
17035,-9.2705,-0.038223,1.0082
17043,-9.2352,-0.0016479,1.0498
17060,-9.1645,0.038177,1.0584
17070,-9.1172,0.062958,0.96234
17078,-9.1434,0.12181,0.85336
17087,-9.2631,0.15186,0.6976
17100,-9.4118,0.16861,0.55945
17112,-9.4514,0.14461,0.48891
17122,-9.4355,0.12068,0.47823
17126,-9.3145,0.078384,0.51465
17147,-9.1708,0.080322,0.60085
17151,-9.0267,0.10434,0.65756
17158,-8.9098,0.12836,0.67537
17163,-8.814,0.1523,0.66977
17183,-8.7109,0.1955,0.62738
17192,-8.6959,0.22847,0.60336
17198,-8.7512,0.27655,0.53781
17204,-8.8839,0.32433,0.46082
17229,-8.9579,0.40645,0.45735
17233,-8.9931,0.42126,0.55339
17240,-8.9973,0.42126,0.69206
17244,-8.9835,0.40237,0.93474
17259,-9.0307,0.33546,1.0008
17270,-9.0314,0.27792,0.86241
17279,-8.9593,0.16278,0.67946
17284,-8.8113,-0.018692,0.49799
17307,-8.5665,-0.081543,0.50693
17312,-8.4654,-0.066849,0.46855
17320,-8.394,0.078094,0.42996
17340,-8.4282,0.2504,0.49652
17349,-8.4813,0.41862,0.42589
17353,-8.5734,0.57687,0.41998
17359,-8.6341,0.72108,0.38676
17372,-8.8517,0.7473,0.30847
17380,-8.9906,0.78728,0.41016
17397,-9.07,0.90381,0.37227
17399,-9.1543,1.0028,0.30302
17427,-9.1945,1.0936,0.047028
17431,-9.224,1.1711,-0.30212
17434,-9.2306,1.2774,-0.5932
17439,-9.1977,1.4437,-0.7207
17452,-9.0737,1.6341,-0.7894
17461,-8.935,1.8084,-0.89734
17469,-8.8363,1.9684,-1.0838
17481,-8.7641,2.011,-1.1846
17501,-8.6959,1.9895,-1.2467
17504,-8.7019,1.9354,-1.2103
17509,-8.7587,1.8633,-0.99405
17527,-8.9181,1.7754,-0.77774
17532,-9.2362,1.634,-0.60771
17540,-9.5821,1.4309,-0.47427
17551,-9.867,1.2292,-0.27852
17567,-10.043,1.1331,-0.37463
17572,-9.9998,1.2139,-0.51628
17592,-9.6696,1.3416,-0.47894
17596,-9.2151,1.4856,-0.53226
17604,-8.7512,1.5484,-0.67557
17614,-8.3967,1.553,-0.85692
17621,-8.288,1.5637,-1.105
17632,-8.3824,1.5281,-1.5932
17651,-8.5923,1.5295,-2.1934
17655,-8.9666,1.6497,-2.5441
17661,-9.1574,1.8894,-2.656
17670,-9.0638,2.1529,-2.5374
17683,-8.6818,2.3413,-2.2705
17696,-8.0979,2.3125,-1.8672
17702,-7.5496,2.25,-1.6378
17711,-7.239,2.1783,-1.6994
17725,-7.1997,2.0963,-2.0173
17734,-7.3191,2.0493,-2.4213
17746,-7.5634,2.0868,-2.8213
17750,-7.9487,2.2936,-3.2182
17767,-8.4077,2.6156,-3.6256
17776,-8.7996,2.8673,-3.9131
17783,-8.91,2.9187,-4.2764
17790,-8.641,2.7469,-4.4377
17802,-8.1931,2.4017,-4.3044
17819,-7.9015,2.1963,-4.1538
17824,-7.7253,2.1482,-4.0977
17830,-7.6422,2.1644,-4.1062
17840,-7.5348,2.0949,-4.2086
17860,-7.47,1.8969,-4.105
17862,-7.47,1.6332,-3.9926
17871,-7.4831,1.4606,-3.8091
17879,-7.4892,1.4543,-3.5755
17898,-7.4479,1.5543,-3.3959
17903,-7.296,1.7147,-3.3074
17914,-7.1544,1.9603,-3.6249
17919,-7.2527,2.1758,-4.2453
17938,-7.4478,2.233,-5.1255
17946,-7.6633,2.1851,-6.0549
17951,-7.8115,2.1642,-6.8323
17961,-7.8524,2.2379,-7.0462
17979,-7.769,2.3641,-6.493
17984,-7.5331,2.3852,-5.5919
17991,-7.4232,2.2227,-4.7208
18001,-7.4312,1.8846,-4.1298
18019,-7.6955,1.4525,-4.1231
18023,-7.946,1.0123,-4.5505
18035,-8.0958,0.61264,-5.1685
18041,-8.197,0.38469,-5.8363
18059,-8.1223,0.32964,-6.1619
18064,-7.9306,0.54411,-6.3497
18071,-7.6818,0.94633,-6.1361
18081,-7.4515,1.4349,-5.7669
18112,-7.3788,1.8299,-5.5495
18115,-7.3651,1.9921,-5.4989
18120,-7.4662,1.9527,-5.5597
18137,-7.6437,1.74,-5.6897
18142,-7.7726,1.4378,-5.7428
18143,-7.8148,1.1738,-5.6757
18151,-7.7852,0.93942,-5.3969
18171,-7.6994,0.94234,-5.112
18180,-7.6432,1.1859,-4.989
18185,-7.4451,1.4907,-5.0426
18192,-7.3101,1.6496,-5.3096
18211,-7.2792,1.6246,-5.5981
18218,-7.3033,1.4929,-5.6995
18228,-7.3376,1.294,-5.6109
18232,-7.3399,1.0239,-5.4565
18249,-7.3369,0.90105,-5.1818
18259,-7.3842,0.96002,-5.0172
18268,-7.4402,1.096,-5.2278
18273,-7.3081,1.1299,-5.6109
18289,-7.091,0.9877,-5.9516
18299,-6.7909,0.8136,-5.7352
18307,-6.5922,0.69771,-5.047
18312,-6.5507,0.73659,-4.2282
18330,-6.7288,0.91116,-3.5904
18341,-7.1802,1.116,-3.4733
18349,-7.5952,1.2449,-3.6914
18352,-7.6999,1.1332,-4.2587
18369,-7.6432,0.9059,-4.9964
18386,-7.425,0.71416,-5.3377
18390,-7.4427,0.55577,-5.0703
18392,-7.6997,0.48463,-4.4698
18408,-7.9467,0.52267,-3.7553
18419,-8.0819,0.60139,-3.3696
18429,-7.8,0.70937,-3.2368
18433,-7.7245,0.8289,-3.3469
18449,-7.9872,0.97461,-3.9096
18460,-8.0219,0.88811,-4.2683
18468,-8.1423,0.65918,-4.3175
18474,-8.1787,0.39415,-4.2104
18491,-8.4608,0.12061,-4.0449
18517,-8.5475,-0.16521,-3.8555
18521,-8.451,-0.2733,-3.5905
18522,-8.4086,-0.25375,-3.5226
18530,-8.5758,-0.16231,-3.8861
18538,-8.9254,-0.021606,-4.5385
18550,-9.3061,0.25325,-5.0264
18556,-9.6267,0.54973,-5.4093
18576,-9.8259,0.69223,-5.5488
18597,-9.78,0.7009,-5.226
18600,-9.3227,0.51404,-4.548
18601,-8.8572,0.1785,-3.7918
18611,-8.8665,-0.013184,-3.4483
18625,-9.1856,0.10555,-3.5662
18631,-9.5447,0.40814,-4.0287
18638,-9.8978,0.70856,-4.457
18652,-10.392,0.8683,-4.5681
18662,-10.864,0.91632,-4.2628
18668,-11.117,0.89929,-3.7422
18680,-11.219,0.70314,-3.0859
18691,-11.644,0.40558,-2.5759
18699,-12.837,0.23227,-2.4063
18709,-14.875,0.17087,-2.4317
18719,-17.526,0.081116,-2.342
18731,-19.968,-0.075439,-2.6351
18739,-21.186,-0.2984,-2.6219
18748,-19.725,-0.38319,-1.6035
18758,-15.43,-0.16545,0.49637
18770,-10.303,0.49678,3.0025
18778,-6.5475,0.85535,5.2981
18787,-4.257,0.96577,6.4982
18798,-3.3512,0.97672,5.8132
18810,-3.6908,0.9281,3.8658
18818,-4.5288,0.74251,2.1153
18828,-5.2455,0.53998,0.78835
18840,-5.7957,0.23482,0.19748
18850,-6.6319,-0.067963,0.38406
18859,-7.702,-0.26697,0.91156
18869,-8.9403,-0.30658,1.328
18879,-10.163,-0.23056,1.5117
18891,-10.944,0.0074158,1.2856
18900,-11.224,0.31471,0.80603
18909,-10.956,0.59341,0.65535
18923,-10.126,0.74701,0.88437
18931,-9.0798,0.75626,1.583
18939,-8.144,0.64964,2.428
18948,-7.629,0.48665,2.8802
18964,-7.6073,0.3815,2.7131
18971,-7.9474,0.27698,2.215
18979,-8.5722,0.25885,1.7144
18988,-9.0336,0.32745,1.2897
19007,-9.072,0.42184,1.137
19011,-8.7471,0.44577,1.4912
19019,-8.2609,0.38818,2.0458
19029,-7.7924,0.1295,2.6706
19048,-7.632,-0.33771,3.2236
19052,-7.9349,-0.69156,3.3873
19059,-8.419,-0.91254,3.4488
19072,-8.9251,-0.86218,3.3286
19090,-9.2213,-0.51692,3.1467
19095,-8.895,-0.046021,2.8483
19100,-8.3477,0.45847,2.6189
19110,-7.9614,0.68678,2.7249
19137,-7.8545,0.57434,3.1689
19139,-8.2995,0.21204,3.615
19143,-8.8861,-0.16338,3.8214
19151,-9.344,-0.42955,3.9192
19167,-9.7409,-0.63066,3.7367
19172,-9.8261,-0.53673,3.4792
19180,-9.5488,-0.14922,3.251
19188,-8.972,0.43559,3.1469
19213,-8.3405,0.93846,3.4245
19213,-7.9984,1.1497,3.8849
19220,-7.922,1.0735,4.3033
19229,-8.0759,0.75224,4.7841
19248,-8.3595,0.33823,5.083
19252,-8.6547,0.03978,5.0903
19260,-8.823,-0.13072,4.7472
19269,-8.9176,-0.12045,4.2506
19288,-8.8978,-0.040115,3.7333
19293,-8.8229,0.15898,3.3575
19300,-8.9058,0.36299,3.1533
19308,-9.0975,0.53806,3.1357
19330,-9.0263,0.67026,3.2866
19332,-8.8899,0.6201,3.3991
19340,-8.697,0.45154,3.5317
19349,-8.4164,0.28377,3.598
19371,-8.1764,0.074158,3.4965
19372,-8.0372,-0.095093,3.4095
19381,-8.0625,-0.17802,3.3266
19390,-8.1861,-0.20886,3.2442
19408,-8.3466,-0.15788,3.2172
19416,-8.4746,-0.006485,3.2406
19421,-8.593,0.23422,3.3377
19429,-8.7237,0.48045,3.4227
19448,-8.7533,0.67987,3.5173
19456,-8.7453,0.71968,3.6132
19461,-8.7214,0.6701,3.6577
19469,-8.6973,0.56261,3.6754
19490,-8.6699,0.40756,3.5866
19496,-8.6301,0.32809,3.4823
19501,-8.6323,0.31938,3.3757
19510,-8.6742,0.32549,3.2975
19544,-8.7068,0.35193,3.2519
19548,-8.7533,0.37453,3.2448
19549,-8.7533,0.37708,3.3086
19552,-8.7171,0.40108,3.4047
19568,-8.6653,0.44812,3.4548
19581,-8.6959,0.47,3.4854
19583,-8.6823,0.40538,3.4312
19590,-8.6767,0.34624,3.2252
19612,-8.6384,0.28719,3.0819
19619,-8.6384,0.28719,2.9886
19623,-8.6384,0.30096,2.9406
19638,-8.6571,0.32497,3.0045
19651,-8.7193,0.2977,3.0812
19659,-8.7619,0.25877,3.1868
19662,-8.8057,0.22083,3.3065
19672,-8.8108,0.19171,3.3698
19702,-8.8016,0.21515,3.4608
19708,-8.7441,0.22025,3.5518
19717,-8.7579,0.19627,3.5431
19723,-8.887,0.095993,3.3138
19728,-9.0454,-0.057678,2.8674
19738,-9.0017,-0.10536,2.6131
19743,-8.8868,-0.095886,2.6049
19761,-8.6943,0.019897,2.8957
19770,-8.5363,0.12112,3.3677
19778,-8.4561,0.22122,3.8757
19792,-8.5051,0.26343,4.2638
19798,-8.643,0.22716,4.38
19814,-8.8698,0.12321,4.089
19819,-9.1648,0.095642,3.674
19828,-9.3953,0.11073,3.2782
19840,-9.3796,0.13249,3.047
19852,-9.2097,0.084427,3.1303
19860,-9.0926,0.015381,3.2505
19876,-8.8569,-0.065201,3.3704
19880,-8.6303,-0.076736,3.4289
19898,-8.4386,-0.059265,3.4529
19901,-8.2356,0.012833,3.4448
19908,-8.1751,0.14685,3.3347
19920,-8.319,0.31374,3.1993
19930,-8.4267,0.46356,3.2233
19939,-8.4769,0.57718,3.291
19956,-8.4535,0.59364,3.459
19961,-8.3938,0.57011,3.7283
19970,-8.4658,0.47914,3.9002
19977,-8.5935,0.3241,3.9482
19987,-8.7377,0.15587,3.8681
20001,-8.8924,0.034821,3.6685
20009,-8.9121,0.032639,3.5615
20017,-8.7805,0.1185,3.5122
20027,-8.6854,0.23145,3.5533
20041,-8.6384,0.28908,3.5735
20049,-8.6181,0.30634,3.5113
20057,-8.5809,0.29468,3.512
20067,-8.6636,0.27065,3.488
20082,-8.7642,0.26804,3.4257
20089,-8.8421,0.25404,3.4227
20097,-8.8418,0.18224,3.4945
20108,-8.7486,0.1866,3.5739
20122,-8.6552,0.15311,3.5979
20131,-8.624,0.16031,3.5811
20146,-8.5517,0.13599,3.6174
20161,-8.5235,0.11481,3.7065
20191,-8.5583,0.10086,3.7483
20198,-8.6873,0.14137,3.7226
20202,-8.7711,0.17772,3.7836
20206,-8.8604,0.24297,3.811
20211,-8.8434,0.3035,3.7422
20214,-8.7649,0.27188,3.6539
20217,-8.6332,0.23634,3.6194
20229,-8.5305,0.21231,3.602
20244,-8.4438,0.19142,3.6033
20250,-8.4356,0.1756,3.5957
20258,-8.4851,0.15311,3.511
20269,-8.5925,0.15311,3.4501
20287,-8.6991,0.19142,3.4377
20291,-8.7475,0.21579,3.5504
20298,-8.7916,0.24887,3.7164
20309,-8.8452,0.23102,3.8249
20323,-8.776,0.14095,3.8719
20330,-8.7749,0.18063,3.8541
20338,-8.793,0.24423,3.7449
20352,-8.7927,0.30428,3.6427
20377,-8.8108,0.3217,3.5239
20392,-8.785,0.26337,3.447
20399,-8.6996,0.18372,3.4873
20402,-8.6584,0.13556,3.5412
20409,-8.5881,0.072495,3.6314
20410,-8.5338,0.057343,3.6857
20418,-8.5098,0.084717,3.6823
20429,-8.56,0.13278,3.6583
20447,-8.6192,0.19562,3.6535
20455,-8.6192,0.21057,3.6025
20459,-8.6747,0.23827,3.4511
20473,-8.8269,0.30502,3.128
20486,-9.02,0.31221,2.9211
20490,-9.0604,0.22177,2.9286
20499,-8.9841,0.15813,3.0388
20508,-8.812,0.13409,3.216
20523,-8.6581,0.11015,3.3461
20537,-8.5906,0.12404,3.3896
20541,-8.5523,0.21048,3.3752
20560,-8.5619,0.38359,3.2358
20564,-8.6005,0.58459,3.1072
20572,-8.677,0.67026,3.1798
20579,-8.725,0.59743,3.3237
20601,-8.7913,0.41806,3.4491
20608,-8.7725,0.15906,3.6326
20612,-8.7326,-0.030869,3.7726
20621,-8.6515,-0.076736,3.7726
20641,-8.5225,-0.036407,3.9289
20647,-8.4852,0.065018,4.0462
20650,-8.5258,0.12379,4.0803
20660,-8.6218,0.11481,4.0383
20679,-8.6959,0.01683,3.8847
20688,-8.6738,-0.049484,3.7889
20692,-8.609,-0.10757,3.6933
20700,-8.5544,-0.1342,3.6121
20727,-8.5053,-0.1342,3.5648
20736,-8.5293,-0.11679,3.6252
20738,-8.5639,-0.044846,3.6386
20742,-8.5965,0.027252,3.6541
20757,-8.6396,0.097961,3.6577
20768,-8.6636,0.13396,3.6517
20773,-8.6767,0.11218,3.6277
20781,-8.6924,0.095642,3.6037
20798,-8.6576,0.017563,3.5634
20808,-8.6638,-0.0063934,3.5811
20813,-8.6767,0.014008,3.5478
20821,-8.6448,0.038177,3.5237
20836,-8.6609,0.081512,3.482
20848,-8.6959,0.147,3.4405
20856,-8.7185,0.19489,3.3939
20861,-8.7504,0.22673,3.3543
20876,-8.8318,0.25076,3.3092
20888,-8.8423,0.26128,3.2814
20896,-8.8068,0.23729,3.317
20902,-8.7589,0.21332,3.3977
20917,-8.6938,0.1893,3.413
20928,-8.6837,0.17924,3.4261
20936,-8.7314,0.20323,3.3778
20942,-8.7866,0.19395,3.3206
20957,-8.8061,0.19142,3.2747
20968,-8.7509,0.19142,3.3035
20976,-8.6548,0.19142,3.3754
20983,-8.6192,0.20831,3.491
20997,-8.6027,0.22716,3.5645
21008,-8.6192,0.20314,3.5811
21020,-8.656,0.20367,3.5443
21026,-8.7109,0.21057,3.4723
21037,-8.693,0.21057,3.4442
21049,-8.6767,0.2029,3.4202
21062,-8.6767,0.19142,3.4087
21071,-8.6594,0.17406,3.4261
21084,-8.6415,0.15921,3.4662
21090,-8.6576,0.19936,3.4583
21096,-8.6448,0.21057,3.4598
21101,-8.6209,0.17545,3.5013
21121,-8.6417,0.16891,3.4887
21127,-8.6576,0.14494,3.4719
21138,-8.6836,0.12091,3.4279
21144,-8.7137,0.061249,3.41
21161,-8.7413,0.083603,3.4435
21167,-8.7474,0.11481,3.4195
21177,-8.7018,0.12805,3.4087
21186,-8.7139,0.17007,3.4629
21202,-8.6959,0.17982,3.5695
21207,-8.6786,0.21057,3.6262
21217,-8.6037,0.22403,3.6577
21224,-8.5444,0.22972,3.6577
21240,-8.5235,0.16023,3.6929
21247,-8.5768,0.079254,3.7535
21257,-8.7207,0.038177,3.7124
21262,-8.7905,0.13104,3.6403
21279,-8.8022,0.23196,3.5043
21288,-8.7634,0.33363,3.3249
21300,-8.6834,0.37778,3.3166
21307,-8.62,0.36415,3.52
21320,-8.5821,0.27368,3.7287
21329,-8.5515,0.18311,3.754
21340,-8.6094,0.062927,3.6776
21343,-8.6192,0.00016785,3.6577
21360,-8.5954,0.081009,3.6338
21369,-8.6002,0.20116,3.6098
21382,-8.6337,0.30684,3.5858
21390,-8.6574,0.40195,3.543
21398,-8.6285,0.37305,3.5719
21409,-8.5706,0.32498,3.6396
21418,-8.5132,0.26219,3.6769
21431,-8.5246,0.19177,3.6765
21443,-8.5914,0.20534,3.6316
21448,-8.6595,0.20146,3.5519
21457,-8.6809,0.19563,3.5727
21471,-8.6388,0.19142,3.6007
21479,-8.6739,0.18594,3.6413
21489,-8.6944,0.18256,3.7579
21498,-8.6463,0.17619,3.8262
21511,-8.6576,0.1523,3.8102
21520,-8.6689,0.12827,3.7918
21537,-8.6853,0.10423,3.7707
21540,-8.6613,0.11108,3.7072
21551,-8.6532,0.13504,3.6353
21561,-8.5574,0.159,3.5575
21567,-8.4828,0.17226,3.4937
21581,-8.4817,0.1566,3.501
21611,-8.5318,0.17087,3.5031
21624,-8.6631,0.15311,3.4915
21638,-8.748,0.15311,3.5485
21655,-8.8042,0.16898,3.6129
21669,-8.806,0.16905,3.621
21671,-8.7277,0.11472,3.645
21675,-8.6429,0.065201,3.6465
21679,-8.6354,0.073502,3.6548
21683,-8.6001,0.097458,3.6577
21686,-8.5934,0.12814,3.6778
21688,-8.5809,0.1646,3.7267
21699,-8.5809,0.15587,3.7507
21726,-8.5809,0.15311,3.7535
21728,-8.5879,0.13927,3.7051
21732,-8.5883,0.10304,3.6077
21737,-8.5976,0.11232,3.6169
21756,-8.5618,0.17691,3.6217
21761,-8.5618,0.21057,3.6601
21769,-8.5498,0.22258,3.7201
21778,-8.5764,0.22972,3.7343
21796,-8.668,0.2567,3.7152
21801,-8.749,0.30634,3.7152
21808,-8.748,0.31859,3.7152
21818,-8.7171,0.32549,3.6467
21836,-8.6519,0.32265,3.6003
21841,-8.6116,0.28339,3.5926
21849,-8.6001,0.21129,3.6062
21858,-8.6349,0.174,3.5672
21876,-8.6223,0.15001,3.4952
21881,-8.6541,0.12613,3.447
21889,-8.7022,0.11481,3.4598
21897,-8.715,0.16766,3.4838
21917,-8.7184,0.19809,3.5562
21921,-8.7504,0.22159,3.6519
21929,-8.7466,0.22353,3.696
21938,-8.7163,0.15834,3.6782
21957,-8.6469,0.11122,3.684
21961,-8.5664,0.095642,3.7236
21969,-8.5102,0.12215,3.7476
21977,-8.5405,0.17007,3.7174
22007,-8.5464,0.19142,3.6769
22009,-8.5791,0.19142,3.6596
22013,-8.6001,0.19142,3.6386
22017,-8.5818,0.17305,3.6569
22038,-8.6617,0.14902,3.6455
22042,-8.6946,0.12503,3.5914
22050,-8.6739,0.14221,3.5263
22058,-8.6576,0.17166,3.4488
22080,-8.5767,0.21916,3.5131
22083,-8.5709,0.25801,3.5337
22090,-8.6089,0.29599,3.5376
22098,-8.6568,0.26875,3.5992
22119,-8.6722,0.2262,3.562
22121,-8.667,0.14371,3.562
22130,-8.6625,0.13396,3.562
22139,-8.6576,0.13396,3.6001
22165,-8.6623,0.17706,3.5956
22170,-8.6192,0.19142,3.6579
22173,-8.5903,0.2204,3.6914
22186,-8.5616,0.21057,3.7346
22204,-8.5326,0.20554,3.7726
22214,-8.5142,0.17168,3.7924
22219,-8.4941,0.12369,3.8257
22226,-8.5252,0.096939,3.8275
22236,-8.6107,0.15842,3.6886
22246,-8.6486,0.18242,3.5686
22253,-8.7176,0.19142,3.4937
22266,-8.7533,0.15375,3.4873
22277,-8.7589,0.17226,3.5428
22285,-8.7517,0.19301,3.5636
22291,-8.7189,0.21057,3.5659
22313,-8.6959,0.24887,3.5208
22321,-8.6959,0.23721,3.4662
22339,-8.6745,0.17845,3.4662
22342,-8.6265,0.10652,3.4817
22347,-8.5581,0.13641,3.5453
22356,-8.5104,0.1783,3.5932
22367,-8.5126,0.21326,3.6304
22373,-8.5673,0.22972,3.5914
22387,-8.6605,0.21057,3.5414
22400,-8.7022,0.19789,3.4983
22408,-8.7487,0.16104,3.4246
22411,-8.8046,0.15311,3.3767
22427,-8.7675,0.15477,3.353
22438,-8.7019,0.15915,3.3835
22446,-8.6653,0.13396,3.4316
22453,-8.6576,0.16644,3.4958
22467,-8.6404,0.21252,3.5065
22482,-8.6781,0.22972,3.51
22486,-8.715,0.24144,3.4736
22492,-8.7316,0.23233,3.4331
22520,-8.7466,0.24887,3.4256
22528,-8.71,0.24887,3.4158
22533,-8.7342,0.2011,3.4398
22536,-8.7509,0.10521,3.5141
22548,-8.7509,0.049911,3.6268
22559,-8.7342,0.014572,3.699
22576,-8.7342,0.062637,3.7466
22578,-8.7342,0.14468,3.7194
22588,-8.756,0.21057,3.6715
22597,-8.7876,0.19542,3.6007
22609,-8.7983,0.17226,3.5055
22616,-8.7744,0.12045,3.4163
22629,-8.7193,0.11182,3.4058
22637,-8.6149,0.11131,3.3974
22656,-8.5429,0.14662,3.4341
22659,-8.5059,0.1882,3.5172
22668,-8.5267,0.24887,3.5269
22676,-8.5588,0.24887,3.5509
22688,-8.5939,0.26184,3.562
22699,-8.6001,0.25024,3.562
22718,-8.5967,0.24202,3.5462
22726,-8.5726,0.21886,3.5786
22730,-8.5486,0.21654,3.6266
22735,-8.5426,0.22862,3.6566
22755,-8.6038,0.23343,3.6349
22763,-8.6535,0.24887,3.6109
22769,-8.7093,0.24887,3.5734
22777,-8.7516,0.28543,3.562
22788,-8.7533,0.2641,3.5237
22797,-8.7357,0.25768,3.5148
22809,-8.6877,0.26804,3.4909
22828,-8.6582,0.24945,3.5225
22837,-8.6319,0.26804,3.5811
22841,-8.7039,0.24989,3.5811
22848,-8.762,0.21581,3.5672
22858,-8.7725,0.21057,3.5244
22871,-8.7916,0.19142,3.4751
22880,-8.8009,0.18213,3.4859
22891,-8.8108,0.18639,3.4379
22901,-8.7918,0.21042,3.4469
22912,-8.7153,0.24858,3.519
22921,-8.6385,0.31587,3.495
22942,-8.6337,0.32549,3.4854
22948,-8.6381,0.26759,3.5237
22956,-8.605,0.19576,3.5286
22961,-8.6388,0.14334,3.5428
22966,-8.6722,0.11931,3.5135
22988,-8.676,0.17297,3.4091
23005,-8.6332,0.21573,3.4331
23010,-8.5992,0.24982,3.4671
23018,-8.5661,0.29778,3.5151
23026,-8.5235,0.32664,3.584
23031,-8.5343,0.36919,3.6877
23039,-8.5926,0.37268,3.7152
23049,-8.6344,0.37894,3.7
23066,-8.6976,0.3638,3.6543
23074,-8.7342,0.35814,3.5472
23079,-8.7447,0.35513,3.4033
23098,-8.738,0.39452,3.2437
23118,-8.7353,0.46281,3.1652
23122,-8.771,0.51703,3.2968
23123,-8.8431,0.50624,3.4866
23127,-8.8994,0.48227,3.6868
23146,-8.9244,0.41864,3.7918
23164,-8.9066,0.36444,3.7733
23167,-8.8736,0.31448,3.6904
23174,-8.865,0.2587,3.5784
23187,-8.8251,0.22972,3.4582
23193,-8.7402,0.24263,3.3446
23199,-8.6092,0.30176,3.2488
23208,-8.4974,0.32549,3.2011
23226,-8.4031,0.32912,3.24
23233,-8.3444,0.3638,3.308
23239,-8.3435,0.35229,3.428
23256,-8.3839,0.34465,3.5645
23266,-8.4511,0.34253,3.6938
23273,-8.4991,0.32549,3.8579
23280,-8.5118,0.32549,3.9536
23291,-8.5541,0.32549,4.0332
23306,-8.6048,0.34697,4.0431
23312,-8.6456,0.37097,4.024
23320,-8.6696,0.37093,3.9522
23327,-8.7272,0.3638,3.8945
23346,-8.7584,0.32292,3.7816
23354,-8.7916,0.29893,3.693
23359,-8.8161,0.28719,3.621
23367,-8.8128,0.27007,3.5147
23388,-8.7669,0.28996,3.4168
23396,-8.7111,0.31401,3.3205
23399,-8.6268,0.313,3.2622
23410,-8.5481,0.341,3.2555
23435,-8.5204,0.34465,3.29
23440,-8.5043,0.33673,3.3941
23441,-8.5426,0.33823,3.4661
23447,-8.5969,0.32707,3.4854
23466,-8.6482,0.34137,3.5652
23480,-8.7201,0.33354,3.5811
23483,-8.7533,0.35756,3.5811
23488,-8.7533,0.38164,3.6168
23506,-8.7463,0.38295,3.5968
23520,-8.7234,0.37453,3.5727
23521,-8.7342,0.35059,3.5488
23528,-8.7522,0.3627,3.5247
23547,-8.7533,0.34085,3.5007
23561,-8.762,0.32549,3.4854
23562,-8.759,0.33897,3.4854
23568,-8.7533,0.34465,3.4671
23588,-8.7342,0.34465,3.5277
23601,-8.7075,0.35353,3.5606
23602,-8.6356,0.3775,3.5948
23608,-8.6007,0.38295,3.6188
23629,-8.566,0.40858,3.647
23640,-8.5901,0.38199,3.6587
23642,-8.614,0.37424,3.6386
23651,-8.638,0.345,3.6386
23674,-8.6621,0.32549,3.6149
23680,-8.6767,0.31609,3.6003
23680,-8.6483,0.32054,3.6145
23690,-8.6384,0.32549,3.6384
23706,-8.6001,0.33022,3.6577
23716,-8.5905,0.34465,3.6673
23721,-8.5809,0.34465,3.6769
23740,-8.5813,0.34465,3.6579
23746,-8.6343,0.34964,3.6619
23756,-8.6964,0.34413,3.6096
23764,-8.715,0.31078,3.615
23779,-8.676,0.30634,3.6006
23785,-8.6227,0.32205,3.6299
23795,-8.6012,0.37392,3.6577
23805,-8.6492,0.35306,3.6428
23819,-8.5821,0.34406,3.6572
23826,-8.6247,0.32002,3.6331
23835,-8.6591,0.31667,3.5987
23844,-8.6919,0.31032,3.5508
23858,-8.6959,0.32468,3.5229
23866,-8.6902,0.31201,3.5045
23875,-8.6556,0.32549,3.5468
23887,-8.6077,0.34087,3.6273
23898,-8.5618,0.38185,3.6419
23906,-8.5558,0.3519,3.696
23915,-8.5642,0.3147,3.6853
23926,-8.5966,0.27502,3.6612
23938,-8.6384,0.28719,3.6181
23946,-8.657,0.2748,3.5941
23955,-8.6959,0.25993,3.5811
23971,-8.7118,0.28392,3.5652
23979,-8.6737,0.28719,3.5857
23986,-8.6448,0.29999,3.645
23995,-8.6463,0.31419,3.669
24006,-8.6545,0.33855,3.6608
24019,-8.6593,0.34465,3.6943
24026,-8.6834,0.33801,3.6703
24044,-8.7074,0.31398,3.6462
24050,-8.715,0.25717,3.6058
24058,-8.6706,0.27007,3.6215
24066,-8.6124,0.28029,3.6386
24086,-8.5884,0.29147,3.662
24089,-8.5975,0.28973,3.6935
24101,-8.6215,0.28943,3.6555
24107,-8.6597,0.29922,3.6102
24125,-8.6839,0.28719,3.562
24132,-8.6767,0.28719,3.5451
24157,-8.636,0.30634,3.5693
24159,-8.6192,0.31332,3.6194
24167,-8.6073,0.32549,3.6434
24174,-8.6171,0.32549,3.6577
24179,-8.6192,0.30894,3.6795
24191,-8.6268,0.33298,3.6885
24198,-8.6508,0.31987,3.6893
24207,-8.6403,0.34085,3.6788
24220,-8.6384,0.32549,3.6386
24228,-8.6384,0.31779,3.6386
24238,-8.651,0.30634,3.626
24258,-8.6576,0.30634,3.6019
24264,-8.6546,0.28719,3.587
24274,-8.6463,0.29512,3.6194
24279,-8.6447,0.31914,3.6194
24286,-8.6384,0.30779,3.6548
24300,-8.616,0.33809,3.7152
24309,-8.6083,0.30634,3.707
24319,-8.6192,0.29329,3.696
24331,-8.6372,0.26927,3.6602
24341,-8.6767,0.26804,3.6122
24348,-8.6683,0.28493,3.5473
24361,-8.631,0.3196,3.5178
24367,-8.6555,0.34363,3.5055
24380,-8.6537,0.34465,3.4892
24388,-8.6557,0.34465,3.5132
24406,-8.6632,0.31764,3.5102
24407,-8.676,0.2879,3.5229
24426,-8.7109,0.27216,3.5428
24430,-8.7048,0.27826,3.5428
24441,-8.7013,0.26804,3.5153
24446,-8.6959,0.28667,3.4672
24461,-8.6809,0.30634,3.4937
24468,-8.6867,0.31551,3.5145
24479,-8.6767,0.31148,3.5185
24486,-8.6767,0.32518,3.5425
24508,-8.6859,0.30634,3.5382
24512,-8.7057,0.28761,3.5237
24517,-8.6959,0.26804,3.4953
24526,-8.6768,0.26804,3.5044
24548,-8.6719,0.29686,3.5285
24550,-8.6576,0.31587,3.5332
24557,-8.6576,0.29184,3.5237
24590,-8.6578,0.28719,3.4473
24595,-8.6716,0.28719,3.4611
24597,-8.6576,0.3069,3.447
24601,-8.6723,0.32549,3.4765
24615,-8.6776,0.34465,3.5254
24624,-8.7097,0.33934,3.6109
24629,-8.6959,0.32549,3.6083
24638,-8.6809,0.29552,3.5811
24655,-8.6981,0.30634,3.4994
24677,-8.7644,0.31187,3.3593
24677,-8.7607,0.33578,3.3321
24681,-8.7342,0.37508,3.3778
24695,-8.7313,0.38295,3.3915
24707,-8.6536,0.37138,3.4452
24710,-8.579,0.31296,3.5276
24718,-8.5464,0.28719,3.6083
24738,-8.5403,0.28835,3.6159
24751,-8.4922,0.30028,3.5499
24752,-8.4552,0.28719,3.4695
24757,-8.4625,0.27153,3.3966
24776,-8.4441,0.28719,3.4307
24789,-8.4148,0.29344,3.4912
24790,-8.4388,0.29523,3.5428
24798,-8.4788,0.27122,3.5428
24816,-8.5268,0.25053,3.5862
24827,-8.5815,0.26804,3.632
24830,-8.6079,0.25667,3.6308
24838,-8.6001,0.24887,3.6062
24857,-8.5464,0.26804,3.6081
24871,-8.6012,0.27478,3.4438
24872,-8.6731,0.2756,3.2395
24879,-8.7123,0.26804,2.9985
24894,-8.7129,0.22337,2.9257
24911,-8.6889,0.15826,2.8986
24916,-8.6412,0.086639,2.9581
24919,-8.6026,0.023972,3.0207
24935,-8.6049,0.045349,3.0496
24956,-8.66,0.12448,3.112
24957,-8.732,0.23247,3.2079
24960,-8.7702,0.30168,3.2868
24974,-8.8952,0.42909,3.1772
24989,-8.9598,0.47125,2.9553
24994,-8.9955,0.39789,2.7286
24998,-9.0194,0.22682,2.5782
