5005,-9.0705,0.095642,2.1745
5010,-9.0598,0.12209,2.1637
5020,-9.0237,0.13396,2.2179
5038,-9.0023,0.13396,2.2287
5048,-9.011,0.10805,2.2595
5051,-9.0483,0.10333,2.2729
5061,-9.0598,0.096512,2.2787
5077,-9.0981,0.1035,2.2939
5085,-9.0981,0.14276,2.2699
5091,-9.1526,0.18039,2.205
5100,-9.2302,0.2469,2.0719
5114,-9.262,0.25958,2.0021
5125,-9.214,0.22064,1.9722
5134,-9.1246,0.15514,1.9999
5139,-8.9858,0.040359,2.1415
5154,-8.936,-0.070923,2.3009
5165,-8.9251,-0.10577,2.393
5171,-8.9308,-0.05368,2.4268
5181,-8.9446,-0.00056458,2.4508
5194,-8.9733,0.071823,2.3988
5205,-9.0308,0.066833,2.3268
5214,-9.0598,0.062195,2.2693
5219,-9.0789,0.057343,2.2787
5236,-9.0741,0.05246,2.2738
5245,-9.05,0.028412,2.2693
5254,-9.0115,0.019028,2.2933
5271,-9.0017,0.018799,2.3359
5282,-8.95,0.0049744,2.3068
5288,-8.974,0.019028,2.2687
5294,-8.9979,0.033768,2.2448
5307,-9.0032,0.037735,2.1803
5315,-9.0671,0.013718,2.0415
5326,-9.1872,-0.010284,1.9824
5335,-9.2322,0.025589,2.0811
5347,-9.1919,0.05864,2.2839
5355,-9.1143,0.095642,2.4319
5367,-9.0288,0.10599,2.3905
5376,-9.0023,0.16028,2.2643
5387,-9.0032,0.17226,2.1664
5396,-9.0215,0.17226,2.2327
5407,-9.0215,0.15105,2.2171
5416,-9.0369,0.1185,2.0902
5429,-9.0981,0.058426,2.0308
5444,-9.0981,0.076492,2.0548
5455,-9.1197,0.076492,2.122
5459,-9.1208,0.060837,2.1794
5468,-9.0981,0.076492,2.2608
5476,-9.0981,0.070313,2.254
5485,-9.1311,0.07933,2.1361
5503,-9.1397,0.079758,1.976
5510,-9.0981,0.020554,1.8719
5518,-9.0981,0.044556,1.819
5526,-9.0981,0.068542,1.8302
5536,-9.082,0.076492,1.8542
5548,-9.0981,0.097382,1.9165
5557,-9.0981,0.11481,1.9604
5568,-9.0981,0.091873,2.0449
5579,-9.1144,0.060181,2.0517
5588,-9.0981,0.078445,2.0832
5598,-9.0913,0.082001,2.0556
5610,-9.0906,0.057343,2.0447
5620,-9.1146,0.040787,2.0297
5630,-9.1408,0.01683,2.0253
5640,-9.1747,-0.0071869,2.0055
5651,-9.1747,-0.031189,2.0178
5659,-9.1747,-0.055191,2.0273
5670,-9.1699,-0.05278,2.0105
5681,-9.1291,-0.004715,1.996
5687,-9.1172,0.019028,1.9964
5700,-9.1003,0.03598,2.0275
5710,-9.1199,0.046036,2.0271
5718,-9.1139,0.095642,2.0105
5725,-9.0666,0.095642,1.9982
5735,-9.0943,0.095642,2.0086
5751,-9.0434,0.068146,2.0269
5764,-9.0521,0.0035858,2.0028
5772,-9.0532,-0.019272,1.9914
5778,-9.0773,-0.036758,1.9739
5791,-9.0981,-0.032211,1.9562
5800,-9.0981,-0.0080719,1.9643
5807,-9.1236,0.0062561,1.9403
5816,-9.1188,0.036636,1.9163
5832,-9.1172,0.006546,1.8956
5838,-9.1172,0.046326,1.9119
5848,-9.1172,0.083298,1.9469
5855,-9.1351,0.095642,1.9531
5879,-9.1364,0.072937,1.9914
5887,-9.1447,0.048981,1.9914
5889,-9.1424,0.038177,1.9914
5895,-9.1364,0.0020599,1.9914
5911,-9.1785,-0.00012207,2.0451
5918,-9.1939,0.0084229,2.0211
5927,-9.2073,0.032425,1.9837
5934,-9.1947,0.038177,1.9539
5964,-9.1324,0.038177,1.9339
5967,-9.0908,0.038177,1.9339
5973,-9.0734,0.051819,1.9339
5980,-9.0604,0.057343,1.9339
6000,-9.0831,0.033966,1.8998
6003,-9.0981,0.0009613,1.8877
6009,-9.112,-0.019272,1.8712
6015,-9.1547,-0.00056458,1.8764
6036,-9.1511,-0.014862,1.872
6039,-9.1457,0.0091248,1.8573
6048,-9.2119,0.04718,1.8714
6065,-9.2322,0.057343,1.8764
6074,-9.1892,0.04805,1.8625
6079,-9.1652,0.019028,1.8663
6086,-9.127,0.03331,1.9862
6095,-9.0789,0.038177,2.1063
6114,-9.0501,0.057343,2.1446
6120,-9.0311,0.06694,2.1638
6127,-9.0406,0.061981,2.1394
6145,-9.0604,0.075836,2.0671
6157,-9.1224,0.0088196,1.971
6159,-9.1364,-0.029221,1.8849
6168,-9.1512,-0.038437,1.8425
6189,-9.1168,0.019455,1.8577
6199,-9.0928,0.038177,1.8924
6199,-9.0688,0.028015,1.9644
6207,-9.0598,0.064026,2.0214
6228,-9.0816,0.076492,2.0488
6236,-9.1555,0.076492,2.0488
6239,-9.1452,0.076492,2.0177
6247,-9.1516,0.091705,1.9762
6267,-9.1172,0.075607,1.9522
6278,-9.1172,0.045822,1.9339
6279,-9.1279,0.029617,1.9339
6288,-9.1364,0.053619,1.9339
6315,-9.1736,0.056244,1.9733
6326,-9.1555,0.032196,1.9914
6328,-9.1447,0.029831,1.9806
6332,-9.1051,0.0068665,1.9879
6347,-9.0585,-0.017975,1.9914
6358,-9.0345,-0.0063171,2.0038
6361,-9.0435,-0.019272,2.0297
6369,-9.0598,0.012466,2.0138
6391,-9.0997,0.062119,1.9547
6401,-9.1365,0.11481,1.9786
6405,-9.1972,0.11481,1.9914
6409,-9.1808,0.082611,1.9753
6424,-9.1538,0.036423,1.9722
6439,-9.1232,0.019028,1.9789
6443,-9.0866,0.019028,1.9914
6449,-9.0463,0.035324,2.0077
6464,-9.0447,0.027145,1.9893
6476,-9.0858,0.088791,1.9791
6483,-9.0981,0.088165,1.9914
6501,-9.1477,0.12871,1.9748
6510,-9.1747,0.093384,1.97
6514,-9.1605,0.069397,1.946
6524,-9.1243,0.033203,1.946
6528,-9.1005,0.019028,1.9866
6545,-9.0789,0.07402,1.9531
6554,-9.0862,0.057343,1.9531
6565,-9.0981,0.069519,1.9531
6570,-9.1151,0.076492,1.9191
6585,-9.1199,0.054642,1.9695
6594,-9.1364,0.053314,1.9606
6605,-9.1364,0.076492,1.9846
6611,-9.1364,0.093674,1.9742
6626,-9.1555,0.095642,1.978
6634,-9.1478,0.095642,2.0183
6644,-9.1491,0.057617,2.0043
6656,-9.1381,0.055664,1.9914
6667,-9.1204,0.041306,1.9437
6674,-9.1364,0.057343,1.8956
6684,-9.1235,0.044434,1.9214
6691,-9.0996,0.073441,1.9339
6706,-9.1049,0.079895,1.9756
6715,-9.1199,0.087402,1.9996
6724,-9.0981,0.037155,1.9712
6731,-9.0802,0.036942,1.8814
6746,-9.0789,0.095642,1.9065
6764,-9.0958,0.10408,1.9784
6768,-9.1172,0.10147,2.0238
6773,-9.1354,0.11378,2.0297
6787,-9.1211,0.072647,2.0297
6799,-9.1537,0.065994,2.0037
6804,-9.1747,0.049393,1.918
6813,-9.1747,0.0014648,1.8589
6827,-9.1625,0.038177,1.8422
6840,-9.1172,0.064941,1.8484
6847,-9.1172,0.095642,1.8932
6853,-9.0987,0.11421,1.9519
6868,-9.1024,0.091339,1.9617
6879,-9.1081,0.067352,2.0005
6883,-9.1121,0.057343,1.9965
6893,-9.1172,0.057343,1.9914
6907,-9.1172,0.057343,1.9339
6925,-9.1266,0.057343,1.9152
6929,-9.1364,0.057343,1.9099
6935,-9.1555,0.038239,1.8957
6946,-9.1172,0.023758,1.9195
6957,-9.1077,0.019028,1.9339
6966,-9.0981,0.028702,1.9339
6979,-9.0791,0.038315,1.9339
6988,-9.103,0.06723,1.9438
7000,-9.127,0.10544,1.982
7006,-9.1657,0.10016,2.006
7020,-9.1743,0.076126,2.029
7034,-9.1555,0.046997,1.9862
7042,-9.1555,0.019028,1.9622
7048,-9.1407,0.048737,1.9531
7061,-9.1172,0.076492,1.9716
7070,-9.1119,0.071091,1.9477
7077,-9.1083,0.047104,1.9339
7084,-9.1172,0.068329,1.9188
7107,-9.1348,0.075684,1.8964
7111,-9.0981,0.057343,1.9147
7117,-9.0981,0.057343,1.9147
7124,-9.0828,0.042023,1.8994
7146,-9.0618,0.039185,1.9137
7148,-9.1039,0.057343,1.8956
7156,-9.1172,0.057343,1.9063
7167,-9.1483,0.057343,1.8992
7183,-9.1747,0.056107,1.9147
7188,-9.1687,0.03212,1.9208
7197,-9.1555,0.019028,1.9448
7204,-9.1241,0.0032806,1.9373
7223,-9.0981,0.038177,1.9339
7230,-9.0981,0.050705,1.9276
7236,-9.0869,0.087631,1.9147
7244,-9.1268,0.079681,1.8988
7263,-9.1381,0.095642,1.8781
7271,-9.1555,0.089203,1.8892
7277,-9.1669,0.076492,1.8878
7284,-9.1423,0.060303,1.8956
7309,-9.1172,0.038177,1.9129
7311,-9.1172,0.038177,1.8956
7316,-9.1172,0.06134,1.884
7324,-9.1337,0.09288,1.86
7344,-9.1343,0.099854,1.8807
7355,-9.1172,0.12698,1.9147
7361,-9.1409,0.11481,1.9501
7366,-9.1555,0.098175,1.9888
7384,-9.17,0.052673,1.9797
7390,-9.1077,0.019028,1.8597
7397,-9.0838,0.031036,1.7998
7405,-9.0813,0.071838,1.8672
7426,-9.0981,0.098251,1.9174
7430,-9.1055,0.10739,1.9413
7437,-9.1295,0.071167,1.9531
7456,-9.1535,0.057343,1.919
7474,-9.1996,0.021866,1.8651
7477,-9.2245,0.030487,1.7845
7479,-9.2005,0.019028,1.7615
7486,-9.1766,0.019028,1.7788
7505,-9.1142,0.038177,1.8664
7511,-9.0903,0.038177,1.9383
7518,-9.0536,0.038177,1.9849
7526,-9.0582,0.038177,1.9738
7546,-9.1045,0.057343,1.9914
7553,-9.1526,0.065414,1.9671
7557,-9.1618,0.076492,1.9081
7566,-9.1733,0.058716,1.8601
7595,-9.1747,0.034744,1.8381
7598,-9.1747,0.019028,1.8464
7600,-9.1747,0.03212,1.8311
7606,-9.1387,0.0021973,1.855
7647,-9.1172,-0.019272,1.8646
7650,-9.1172,-0.019272,1.904
7651,-9.1172,-0.0059967,1.8882
7655,-9.1172,0.03627,1.8764
7665,-9.1364,0.045883,1.8995
7673,-9.1364,0.06781,1.9234
7679,-9.1499,0.070862,1.8933
7691,-9.1555,0.09491,1.8764
7712,-9.1788,0.099716,1.8805
7717,-9.1939,0.10583,1.8956
7719,-9.1939,0.081848,1.8956
7726,-9.1752,0.039185,1.8956
7756,-9.1555,0.057343,1.8913
7760,-9.1464,0.057343,1.8764
7762,-9.1364,0.057343,1.8624
7767,-9.1176,0.057343,1.8762
7783,-9.1172,0.067413,1.8618
7793,-9.1172,0.047607,1.8764
7799,-9.1457,0.057343,1.848
7807,-9.1364,0.057343,1.8381
7827,-9.1268,0.023804,1.8525
7836,-9.1363,0.038177,1.8381
7840,-9.1028,0.0093079,1.8381
7856,-9.1171,0.038177,1.8381
7866,-9.0981,0.038177,1.8381
7874,-9.108,0.038177,1.8381
7879,-9.1026,0.038177,1.8528
7897,-9.1368,0.018661,1.8389
7910,-9.1608,0.0051117,1.8712
7913,-9.1747,0.019028,1.8573
7922,-9.1598,0.048767,1.8573
7938,-9.137,0.038177,1.8579
7947,-9.1501,0.03273,1.871
7953,-9.1364,0.029282,1.8676
7963,-9.1364,0.053268,1.8915
7976,-9.1372,0.057343,1.8389
7985,-9.1612,0.057343,1.8516
7994,-9.1642,0.036362,1.8381
8003,-9.1555,0.034332,1.8381
8017,-9.1183,0.018005,1.8573
8024,-9.1305,-0.00012207,1.8632
8033,-9.128,0.021271,1.8872
8060,-9.1521,0.022522,1.9113
8066,-9.1351,0.020325,1.8495
8073,-9.1112,0.038177,1.7424
8074,-9.1091,0.038177,1.7862
8085,-9.1331,0.053986,1.8822
8097,-9.1718,0.094177,1.8956
8112,-9.1364,0.063858,1.9082
8116,-9.1364,0.049271,1.9339
8134,-9.1522,0.057343,1.9023
8140,-9.157,0.058731,1.8326
8146,-9.1619,0.057251,1.7615
8154,-9.1477,0.0077362,1.7615
8164,-9.1555,-0.016296,1.7777
8177,-9.1537,0.017197,1.8244
8186,-9.1297,0.013214,1.8898
8194,-9.1057,0.038177,1.9033
8216,-9.1145,0.038177,1.912
8221,-9.1193,0.076492,1.949
8227,-9.1432,0.076492,1.9011
8234,-9.1321,0.076492,1.8647
8246,-9.1172,0.043396,1.8408
8258,-9.1364,0.035919,1.819
8265,-9.1435,0.033157,1.8119
8274,-9.1317,0.057343,1.7998
8285,-9.1509,0.057343,1.8167
8298,-9.1389,0.023956,1.8406
8306,-9.1555,0.064621,1.8573
8315,-9.1434,0.076492,1.8573
8325,-9.1194,0.076492,1.8573
8338,-9.1364,0.073792,1.9121
8346,-9.144,0.057343,1.873
8355,-9.1432,0.057343,1.8134
8364,-9.1364,0.091843,1.8344
8378,-9.1555,0.11771,1.8602
8386,-9.1711,0.13396,1.8687
8397,-9.1813,0.10875,1.8699
8407,-9.1396,0.060547,1.8589
8418,-9.1333,0.022156,1.8764
8427,-9.1172,0.038177,1.8764
8437,-9.0916,0.02536,1.8636
8446,-9.0789,0.036774,1.8395
8460,-9.1015,0.060745,1.8347
8470,-9.1255,0.084686,1.8026
8475,-9.1494,0.095642,1.7676
8485,-9.1735,0.059677,1.7975
8499,-9.1592,0.041794,1.8154
8508,-9.1578,0.057343,1.8083
8515,-9.1364,0.057343,1.8455
8525,-9.1182,0.039124,1.8937
8540,-9.1326,0.030487,1.9109
8547,-9.1346,-0.00012207,1.8869
8555,-9.1691,0.013367,1.89
8567,-9.1564,0.019028,1.8773
8579,-9.1857,0.061401,1.8683
8587,-9.1467,0.076492,1.8293
8596,-9.1364,0.076492,1.819
8612,-9.1178,0.076492,1.7817
8619,-9.1407,0.042511,1.8103
8627,-9.1555,0.066437,1.7989
8635,-9.1555,0.076492,1.8468
8646,-9.1555,0.057632,1.895
8672,-9.1555,0.048233,1.8911
8678,-9.1555,0.00045776,1.8672
8687,-9.1555,-0.0051575,1.8573
8692,-9.1366,0.018875,1.8763
8704,-9.1125,0.076492,1.8525
8708,-9.1076,0.076492,1.8477
8724,-9.146,0.090851,1.8429
8736,-9.1555,0.076492,1.8573
8743,-9.1506,0.071503,1.8324
8748,-9.1462,0.047577,1.742
8768,-9.1264,0.038177,1.8107
8780,-9.136,0.057693,1.8772
8787,-9.1069,0.07132,1.9147
8792,-9.0789,0.057343,1.9247
8800,-9.0938,0.042465,1.9191
8814,-9.1184,0.056747,1.8753
8828,-9.161,0.04361,1.8109
8833,-9.1645,0.047104,1.7526
8840,-9.1555,0.023102,1.7615
8854,-9.1555,0.038177,1.7831
8864,-9.1442,0.038177,1.8495
8868,-9.0964,0.038177,1.8869
8877,-9.0637,0.022934,1.8804
8898,-9.0818,0.059235,1.8774
8903,-9.1481,0.10149,1.9015
8908,-9.1854,0.11481,1.872
8917,-9.1939,0.13031,1.8381
8939,-9.1927,0.096802,1.7998
8943,-9.1686,0.096588,1.7938
8948,-9.1446,0.035507,1.8025
8957,-9.1521,0.034744,1.819
8978,-9.1172,0.0012512,1.7835
8985,-9.1236,0.038025,1.8253
8988,-9.1252,0.076492,1.8605
8996,-9.1172,0.092438,1.8924
9020,-9.1014,0.11313,1.8973
9029,-9.143,0.095642,1.9147
9032,-9.1555,0.084244,1.892
9037,-9.1555,0.076492,1.8441
9055,-9.1518,0.093735,1.8438
9063,-9.1172,0.069687,1.8888
9078,-9.1405,0.057343,1.8881
9080,-9.1391,0.040863,1.8792
9094,-9.1364,0.038177,1.8573
9104,-9.1434,0.045197,1.8573
9116,-9.1437,0.069183,1.8573
9120,-9.1197,0.059814,1.874
9133,-9.1149,0.076492,1.8573
9144,-9.0981,0.069199,1.8573
9157,-9.1102,0.057343,1.8573
9160,-9.1342,0.074234,1.8573
9173,-9.139,0.054718,1.8764
9183,-9.1555,0.045624,1.8764
9194,-9.1555,0.057343,1.8764
9197,-9.1555,0.040192,1.8764
9217,-9.1527,0.035324,1.8899
9224,-9.1441,0.026733,1.8496
9246,-9.143,0.038177,1.8381
9247,-9.1537,0.055527,1.8381
9255,-9.1234,0.057343,1.8673
9264,-9.1397,0.073212,1.8269
9276,-9.1301,0.070007,1.8253
9280,-9.1364,0.057343,1.8366
9296,-9.1205,0.038177,1.8381
9305,-9.1364,0.046326,1.83
9316,-9.1625,0.044296,1.832
9320,-9.1747,0.073868,1.8917
9335,-9.152,0.060883,1.8764
9343,-9.1364,0.068085,1.8933
9353,-9.1364,0.03067,1.9014
9362,-9.1183,0.055161,1.8595
9377,-9.1518,0.034378,1.8573
9384,-9.1451,0.027679,1.8573
9393,-9.142,0.065262,1.8573
9402,-9.1364,0.094833,1.8573
9417,-9.1404,0.076492,1.8502
9423,-9.1467,0.058716,1.8956
9435,-9.1227,0.038177,1.8268
9445,-9.0987,0.019608,1.7441
9455,-9.113,0.053055,1.7744
9464,-9.1072,0.056381,1.8736
9475,-9.1172,0.0625,1.9199
9484,-9.0984,0.057343,1.9335
9502,-9.1263,0.061844,1.9339
9518,-9.1649,0.085846,1.8965
9520,-9.1747,0.081436,1.8147
9522,-9.1747,0.038467,1.7428
9537,-9.1462,-0.00012207,1.7517
9545,-9.1172,-0.00012207,1.7998
9554,-9.1172,0.014343,1.8479
9568,-9.0791,-6.1035e-05,1.8955
9575,-9.0931,0.033218,1.9147
9583,-9.0986,0.038681,1.8951
9594,-9.1467,0.072037,1.8912
9607,-9.1751,0.095993,1.8952
9622,-9.1887,0.10446,1.8764
9626,-9.1747,0.076492,1.8764
9634,-9.1897,0.031693,1.8615
9648,-9.1549,0.018372,1.8566
9656,-9.1364,-0.00012207,1.8381
9664,-9.1056,-0.00012207,1.8484
9677,-9.0941,0.015015,1.8421
9688,-9.099,0.059067,1.8381
9696,-9.1229,0.095642,1.8381
9705,-9.1364,0.095642,1.8591
9717,-9.1671,0.080276,1.8764
9729,-9.1747,0.019028,1.8934
9736,-9.1747,0.024841,1.8573
9757,-9.1533,0.048889,1.8573
9760,-9.152,0.088501,1.8885
9769,-9.1352,0.095642,1.8956
9776,-9.1052,0.089584,1.8896
9786,-9.068,0.043716,1.8546
9795,-9.0756,0.019028,1.8539
9816,-9.1204,0.036575,1.8764
9818,-9.1555,0.031693,1.8764
9826,-9.178,0.034897,1.8764
9835,-9.2261,0.019028,1.8604
9857,-9.2741,0.078293,1.8208
9862,-9.3088,0.10869,1.8381
9865,-9.3202,0.11113,1.8381
9874,-9.279,0.11195,1.8218
9892,-9.3047,0.097656,1.7766
9897,-9.2773,0.12157,1.7424
9905,-9.3246,0.13396,1.754
9914,-9.3967,0.13396,1.7781
9940,-9.5217,0.18919,1.7166
9942,-9.5318,0.18596,1.6452
9953,-9.4364,0.21057,1.5964
9957,-9.1685,0.19388,1.5891
9978,-8.8252,0.12202,1.6203
9982,-8.6361,0.016678,1.5199
9987,-8.5759,-0.043457,1.4117
10008,-8.5788,-0.057587,1.4994
10019,-8.5836,-0.095886,1.8455
10020,-8.6449,-0.088425,2.245
10025,-8.8135,-0.064438,2.555
10043,-9.0229,-0.0060272,2.7437
10069,-9.3378,-0.0030365,2.7047
10070,-9.5234,-0.042358,2.5773
10074,-9.5202,-0.076736,2.4208
10077,-9.3437,-0.11156,2.2352
10100,-9.0896,-0.20088,2.0687
10102,-8.9131,-0.24911,1.9245
10107,-8.8428,-0.19815,1.8191
10114,-8.7948,-0.067169,1.8174
10140,-8.8115,0.028961,1.9604
10142,-8.9226,0.076492,2.1113
10147,-8.9708,0.037598,2.1316
10154,-9.0367,-0.052353,2.1076
10178,-9.0285,-0.10806,2.2282
10180,-9.0848,-0.051712,2.2428
10187,-9.1304,-0.019272,2.1817
10194,-9.1004,0.10667,2.1458
10216,-9.0867,0.15689,2.1332
10222,-9.032,0.17226,2.0527
10228,-9.0081,0.14545,1.9837
10234,-9.0389,0.097382,1.8625
10259,-9.1181,0.053329,1.819
10263,-9.2115,0.038177,1.8366
10266,-9.3411,0.024551,1.8165
10277,-9.5149,0.11153,1.7443
10293,-9.662,0.10635,1.7083
10302,-9.6467,0.058411,1.7413
10307,-9.5131,0.024338,1.8169
10316,-9.2379,0.07518,1.8194
10340,-9.0376,0.085373,1.7188
10349,-8.9361,0.11481,1.7507
10349,-8.9066,0.14297,1.9549
10356,-8.9634,0.17203,2.1241
10382,-9.1402,0.10184,2.1209
10389,-9.2225,0.0093384,2.0779
10390,-9.2179,-0.009552,2.0917
10395,-9.1939,0.057037,2.1445
10428,-9.1411,0.10045,2.0296
10437,-9.0787,0.12448,1.9238
10438,-9.0308,0.16296,1.891
10444,-9.0411,0.17268,1.9341
10456,-9.084,0.21057,1.9228
10464,-9.118,0.20062,1.7586
10467,-9.1364,0.22087,1.6555
10494,-9.1382,0.24814,1.7446
10499,-9.2216,0.19478,1.8626
10508,-9.1334,0.062378,1.8865
10508,-9.064,-0.10912,1.9106
10530,-9.0809,-0.19037,1.9946
10533,-9.1419,-0.13681,2.1037
10549,-9.1659,-0.075287,2.1343
10550,-9.1443,0.018433,2.1102
10569,-9.0963,0.13657,2.0262
10572,-9.0655,0.18568,1.9416
10583,-9.0789,0.17226,1.9254
10592,-9.1097,0.14146,1.9801
10604,-9.0609,0.11481,2.0477
10613,-9.0849,0.10884,2.0237
10641,-9.0981,0.10641,2.0105
10642,-9.0981,0.099136,2.0262
10651,-9.139,0.079102,2.0297
10654,-9.187,0.12097,2.005
10664,-9.224,0.15594,1.8871
10671,-9.2639,0.21988,1.8064
10687,-9.2245,0.22665,1.8634
10692,-9.1045,0.18503,1.9403
10704,-9.0406,0.16104,1.9755
10711,-9.0246,0.13707,2.0074
10724,-9.0023,0.1113,1.9879
10732,-9.0155,0.063278,1.9465
10746,-9.0749,0.049606,1.9453
10751,-9.1308,0.10646,2.0022
10764,-9.1747,0.19731,2.0395
10772,-9.1611,0.25569,2.1527
10784,-9.1247,0.29141,2.2372
10792,-9.0842,0.2567,2.3091
10807,-9.0406,0.26584,2.3466
10812,-9.0406,0.22775,2.2294
10823,-9.0525,0.16766,2.0378
10832,-9.0598,0.1196,1.788
10850,-9.031,0.12201,1.5221
10854,-8.9568,0.19402,1.4913
10867,-8.9811,0.24181,1.6113
10874,-9.0875,0.24887,1.7148
10892,-9.1799,0.24362,1.7668
10897,-9.2055,0.21806,1.8148
10905,-9.1445,0.20505,1.8628
10916,-9.0485,0.2086,1.9108
10926,-9.0818,0.23824,1.9368
10934,-9.1058,0.29489,1.9685
10951,-9.1675,0.29378,1.9914
10957,-9.2463,0.28719,2.0787
10966,-9.3279,0.26192,2.1921
10978,-9.32,0.22177,2.2721
10990,-9.2703,0.18492,2.3554
10995,-9.2513,0.11917,2.3213
11007,-9.3022,0.031616,2.2399
11014,-9.2379,-0.016449,2.112
11024,-9.1287,-0.064514,1.9898
11033,-9.0444,-0.13049,1.7918
11047,-8.9535,-0.16202,1.5803
11060,-8.9568,-0.022934,1.4299
11070,-9.1535,0.22768,1.3844
11080,-9.3394,0.39554,1.4868
11086,-9.4608,0.38771,1.7592
11094,-9.5472,0.2997,1.9319
11103,-9.4772,0.22775,1.9396
11126,-9.2966,0.11917,1.8791
11130,-9.1362,0.030426,1.8956
11135,-9.0245,-0.00012207,1.8868
11143,-8.9559,-0.00012207,1.8628
11165,-8.9449,-0.018631,1.8203
11176,-9.0042,-0.059479,1.734
11180,-9.1422,-0.14323,1.695
11185,-9.2407,-0.15335,1.7265
11199,-9.2513,-0.11607,1.7797
11209,-9.2469,0.0027618,1.7675
11216,-9.2138,0.12236,1.7141
11225,-9.1939,0.20036,1.7181
11237,-9.1749,0.2863,1.7611
11248,-9.108,0.33011,1.7662
11256,-9.0601,0.33521,1.7618
11264,-9.0549,0.31119,1.6852
11276,-9.0215,0.26804,1.6466
11288,-8.9832,0.13852,1.656
11297,-9.0122,0.076263,1.6081
11314,-9.1277,0.042816,1.4876
11332,-9.2912,0.21231,1.4368
11334,-9.4186,0.37903,1.4973
11338,-9.3848,0.39165,1.3959
11343,-9.3221,0.27553,1.399
11371,-9.1912,0.15091,1.6131
11376,-9.0575,0.04129,1.8832
11380,-8.9721,0.0099487,2.1194
11384,-8.9449,0.0040894,2.1978
11404,-8.9468,0.018372,2.1156
11420,-9.0408,0.0053558,1.7173
11423,-9.2083,0.019028,1.3243
11432,-9.2856,0.049316,1.3504
11449,-9.2469,0.099136,1.6397
11463,-9.116,0.18355,1.9351
11467,-9.0007,0.22095,2.0505
11471,-8.9678,0.21436,2.0526
11490,-8.9618,0.15091,2.068
11494,-8.9375,0.10303,2.0562
11498,-9.0172,0.065842,1.9978
11504,-9.1221,0.041748,1.9566
11527,-9.1965,0.061264,2.0079
11532,-9.2322,0.1333,1.9907
11537,-9.1993,0.19417,2.0625
11545,-9.1431,0.22636,2.103
11570,-9.1172,0.26955,2.0826
11575,-9.1236,0.28082,2.017
11577,-9.17,0.24562,1.969
11584,-9.1618,0.19768,2.0011
11617,-9.1156,0.16888,2.0572
11623,-9.0848,0.13396,2.1579
11623,-9.0255,0.1111,2.1943
11627,-8.9861,0.079391,2.2021
11651,-9.008,0.04007,2.0968
11660,-9.1004,0.064102,1.9496
11661,-9.2095,0.088089,1.7569
11666,-9.2651,0.079178,1.6382
11682,-9.2874,0.13832,1.5339
11693,-9.2493,0.18639,1.5367
11711,-9.1773,0.22246,1.5482
11719,-9.1222,0.21303,1.6534
11723,-9.0741,0.16745,1.7735
11738,-9.0479,0.11938,1.8719
11747,-9.084,0.071411,1.932
11749,-9.1488,0.0066223,1.8347
11769,-9.281,0.0024872,1.7615
11775,-9.3471,0.049026,1.7465
11781,-9.3471,0.12041,1.6737
11786,-9.2955,0.15114,1.6638
11802,-9.1468,0.13686,1.779
11812,-9.0903,0.15311,1.8687
11821,-9.1042,0.12785,1.832
11826,-9.1172,0.13228,1.784
11843,-9.1395,0.13396,1.6724
11852,-9.1636,0.12595,1.6003
11861,-9.1363,0.11481,1.6275
11866,-9.1172,0.11481,1.682
11884,-9.0947,0.12149,1.74
11894,-9.0789,0.16133,1.8354
11902,-9.1314,0.18536,1.9097
11906,-9.1914,0.19142,1.9698
11922,-9.2286,0.14597,1.9914
11936,-9.2046,0.10635,1.9745
11940,-9.1939,0.068985,1.8998
11946,-9.1576,0.07547,1.8583
11963,-9.1364,0.084061,1.8457
11972,-9.1277,0.13213,1.8938
11985,-9.1172,0.16664,1.9012
11989,-9.1356,0.1539,1.8038
12004,-9.1444,0.11792,1.6457
12014,-9.2103,0.012909,1.5522
12023,-9.2789,-0.038437,1.5179
12029,-9.3268,-0.019867,1.5311
12043,-9.3045,0.055298,1.7106
12061,-9.2805,0.14211,1.8636
12066,-9.2006,0.2142,1.9898
12068,-9.1747,0.22972,2.0293
12083,-9.1319,0.18692,1.9689
12097,-9.1359,0.13496,1.8583
12101,-9.1272,0.053024,1.7906
12116,-9.0602,0.019165,1.7047
12124,-9.0598,0.033173,1.58
12135,-9.0884,0.095566,1.4552
12141,-9.1749,0.085953,1.3879
12155,-9.2897,0.038177,1.4171
12168,-9.3088,0.038177,1.4934
12171,-9.299,0.047928,1.5227
12181,-9.275,0.086609,1.5948
12220,-9.2504,0.096222,1.6089
12231,-9.1733,0.1391,1.626
12236,-9.0973,0.17305,1.57
12240,-9.0789,0.22112,1.5254
12250,-9.0992,0.22914,1.5717
12257,-9.1364,0.19461,1.654
12259,-9.1568,0.12251,1.7334
12276,-9.1747,0.080566,1.7574
12281,-9.1955,0.038177,1.7424
12284,-9.2266,0.038177,1.7368
12292,-9.1818,0.038177,1.7128
12306,-9.1709,0.053467,1.6888
12319,-9.1364,0.095642,1.6648
12324,-9.1422,0.089828,1.6466
12332,-9.1662,0.087112,1.636
12348,-9.1592,0.080124,1.6274
12370,-9.116,0.095642,1.5879
12376,-9.0921,0.095642,1.576
12380,-9.0789,0.095642,1.6
12384,-9.0789,0.11137,1.624
12402,-9.1202,0.13396,1.6672
12406,-9.1555,0.13396,1.7036
12412,-9.1555,0.12288,1.7645
12423,-9.1555,0.11481,1.7488
12443,-9.1364,0.11647,1.7041
12448,-9.1364,0.14043,1.7106
12452,-9.1364,0.16441,1.7119
12461,-9.1526,0.15608,1.7364
12482,-9.1191,0.15311,1.748
12487,-9.1364,0.15981,1.8199
12502,-9.1249,0.16072,1.8804
12509,-9.1336,0.15311,1.9284
12522,-9.0981,0.11481,1.951
12527,-9.0981,0.12172,1.9339
12533,-9.0981,0.12219,1.9339
12541,-9.1479,0.081589,1.9339
12564,-9.1555,0.074158,1.9055
12566,-9.1627,0.064468,1.8096
12574,-9.1627,0.088455,1.7615
12582,-9.1724,0.12929,1.7279
12605,-9.1939,0.17987,1.7449
12607,-9.1865,0.22237,1.7689
12618,-9.1992,0.22279,1.7929
12622,-9.1789,0.21266,1.851
12650,-9.1911,0.18864,1.8409
12651,-9.1595,0.16463,1.8649
12655,-9.099,0.14066,1.9014
12661,-9.0444,0.099411,1.932
12692,-9.0245,0.092651,1.9471
12693,-9.025,0.068649,1.9069
12697,-9.015,0.057343,1.8956
12703,-9.0739,0.074814,1.8956
12731,-9.1172,0.095642,1.9147
12732,-9.1334,0.087585,1.9147
12736,-9.1684,0.089371,1.8503
12742,-9.157,0.13104,1.8013
12762,-9.1487,0.11137,1.8867
12766,-9.1255,0.087372,1.9422
12774,-9.0971,0.089584,1.9662
12786,-9.0969,0.041672,2.0622
12801,-9.1172,0.057343,2.0525
12807,-9.1172,0.048843,2.0425
12815,-9.1706,0.038177,1.9439
12824,-9.1757,0.056381,1.8966
12840,-9.1555,0.061188,1.8573
12850,-9.1294,0.06778,1.866
12855,-9.0845,0.070877,1.9035
12863,-9.0789,0.039627,1.97
12882,-9.083,0.053253,2.0338
12901,-9.1249,0.038177,2.0578
12910,-9.1555,0.065704,2.068
12911,-9.1742,0.095123,2.0307
12920,-9.1599,0.09993,1.9871
12938,-9.1656,0.096512,1.9539
12940,-9.1416,0.076492,1.9199
12944,-9.1176,0.095337,1.9336
12960,-9.1127,0.080994,1.9576
12971,-9.0981,0.10493,1.9722
12979,-9.0981,0.11481,1.9581
12989,-9.1172,0.095703,1.9722
13000,-9.122,0.11006,1.9675
13011,-9.1364,0.086029,1.9627
13015,-9.122,0.062057,2.0155
13032,-9.1172,0.05748,2.0678
13042,-9.1123,0.081436,2.0389
13051,-9.0981,0.10547,1.9909
13056,-9.0981,0.1441,1.9429
13072,-9.1172,0.17189,1.9523
13082,-9.1172,0.14793,1.9251
13092,-9.1072,0.1239,1.9732
13097,-9.113,0.099915,1.9765
13112,-9.1555,0.096222,1.992
13123,-9.1502,0.10941,2.0051
13131,-9.1159,0.10591,1.9914
13138,-9.0679,0.12988,2.0065
13162,-9.0789,0.13475,1.9914
13166,-9.0845,0.15871,1.9858
13170,-9.0981,0.16176,1.9722
13176,-9.1134,0.13779,1.9416
13192,-9.0991,0.13293,1.9339
13204,-9.1172,0.12062,1.9397
13211,-9.1172,0.15535,1.9531
13217,-9.1328,0.15672,1.9375
13240,-9.0993,0.17226,1.9351
13245,-9.1172,0.17226,1.9531
13252,-9.1063,0.15041,1.9531
13263,-9.0824,0.13396,1.9688
13273,-9.0966,0.13396,1.9914
13294,-9.0852,0.13396,1.9976
13298,-9.1204,0.1451,1.9882
13302,-9.1683,0.15311,1.9563
13313,-9.1364,0.17226,1.9339
13322,-9.1364,0.17874,1.9404
13331,-9.1478,0.18004,1.9531
13340,-9.1555,0.17226,1.9691
13354,-9.1345,0.14932,2.0221
13366,-9.1105,0.10809,1.933
13370,-9.0865,0.10722,1.8956
13389,-9.0789,0.14758,1.912
13393,-9.0768,0.21057,1.9914
13402,-9.0529,0.2244,1.9983
13411,-9.0406,0.23706,2.0459
13426,-9.0905,0.19649,2.0348
13434,-9.1411,0.18909,1.9821
13442,-9.1819,0.16512,1.8862
13452,-9.1819,0.14108,1.8261
13466,-9.1579,0.11713,1.8358
13474,-9.1479,0.11481,1.8815
13482,-9.0834,0.11481,1.9368
13493,-9.0598,0.12703,1.9967
13516,-9.0598,0.11684,2.0276
13526,-9.0845,0.15585,2.0597
13533,-9.1324,0.17982,2.0105
13536,-9.1555,0.19142,1.9856
13546,-9.1555,0.20874,1.9375
13554,-9.1423,0.17226,1.8956
13562,-9.1591,0.16446,1.9112
13572,-9.1364,0.12776,1.9466
13593,-9.1189,0.11481,1.9531
13599,-9.0821,0.13715,1.9307
13603,-9.0981,0.13699,1.9228
13611,-9.111,0.12769,1.921
13622,-9.135,0.15172,1.9325
13634,-9.1207,0.14079,1.9339
13643,-9.1447,0.16396,1.9422
13653,-9.1555,0.13997,1.9662
13664,-9.1735,0.11597,1.9362
13675,-9.1519,0.095642,1.8537
13683,-9.1194,0.078598,1.8467
13691,-9.0981,0.043976,1.884
13707,-9.0617,0.038177,1.932
13716,-9.0636,0.080338,1.9262
13723,-9.0702,0.12186,1.8956
13731,-9.0869,0.15311,1.882
13742,-9.1534,0.15311,1.8764
13757,-9.1597,0.15311,1.8998
13763,-9.1658,0.14415,1.9237
13771,-9.1555,0.14774,1.9339
13787,-9.1183,0.15311,1.9339
13796,-9.1024,0.14439,1.9043
13803,-9.1172,0.11481,1.9339
13812,-9.1452,0.10078,1.9199
13826,-9.1555,0.076782,1.9147
13837,-9.141,0.071915,1.891
13843,-9.1555,0.066727,1.8764
13852,-9.1698,0.076492,1.8622
13864,-9.1938,0.095566,1.8191
13891,-9.1699,0.076492,1.8046
13894,-9.1555,0.08609,1.819
13899,-9.1555,0.11014,1.819
13911,-9.1363,0.1338,1.8191
13916,-9.1122,0.10478,1.8431
13924,-9.1079,0.076492,1.8573
13936,-9.132,0.061783,1.8573
13957,-9.1368,0.038177,1.8381
13959,-9.1503,0.038177,1.8329
13965,-9.1364,0.048233,1.819
13972,-9.1513,0.072266,1.8488
14009,-9.1939,0.076492,1.8566
14016,-9.183,0.076492,1.8381
14018,-9.1555,0.055939,1.8381
14022,-9.1555,0.068466,1.8684
14031,-9.1555,0.057343,1.8398
14040,-9.1555,0.068695,1.8821
14044,-9.1555,0.095642,1.9061
14052,-9.1248,0.095642,1.8226
14073,-9.1545,0.09462,1.703
14080,-9.1364,0.094116,1.7025
14085,-9.1364,0.12325,1.7745
14095,-9.1053,0.13033,1.8154
14119,-9.0789,0.096878,1.8394
14122,-9.085,0.11481,1.8512
14124,-9.1309,0.082031,1.8054
14133,-9.203,0.073135,1.7175
14159,-9.2544,0.095642,1.6244
14161,-9.2832,0.1084,1.5891
14165,-9.2481,0.13396,1.645
14173,-9.2162,0.13396,1.717
14198,-9.1521,0.1113,1.7807
14201,-9.1239,0.083084,1.7807
14206,-9.1593,0.095642,1.7921
14213,-9.1584,0.11195,1.8488
14231,-9.1555,0.13396,1.8784
14248,-9.1624,0.14079,1.8751
14259,-9.1864,0.12975,1.8381
14260,-9.1939,0.098251,1.8051
14270,-9.1917,0.076492,1.7593
14281,-9.1606,0.069427,1.7565
14286,-9.1483,0.069229,1.7807
14293,-9.1221,0.059738,1.7974
14316,-9.158,0.057343,1.7639
14320,-9.1674,0.064621,1.788
14327,-9.1677,0.088593,1.7998
14334,-9.2086,0.11261,1.8338
14357,-9.1939,0.16963,1.8956
14361,-9.1864,0.1606,1.8881
14367,-9.187,0.15991,1.8271
14374,-9.1939,0.15311,1.7655
14398,-9.2102,0.15311,1.7175
14402,-9.1861,0.16081,1.7004
14409,-9.1747,0.1346,1.7232
14415,-9.1399,0.1322,1.7406
14436,-9.1172,0.13707,1.7486
14452,-9.1014,0.15311,1.7807
14458,-9.0789,0.15311,1.8062
14459,-9.0966,0.15311,1.8014
14472,-9.1397,0.15311,1.8123
14479,-9.1555,0.16125,1.7725
14490,-9.1684,0.18515,1.7357
14496,-9.1747,0.17357,1.7589
14511,-9.1868,0.1843,1.758
14534,-9.1555,0.16147,1.7424
14543,-9.1423,0.15904,1.7424
14545,-9.1544,0.099121,1.7424
14550,-9.1364,0.11481,1.7499
14560,-9.1278,0.1234,1.7721
14571,-9.1441,0.13396,1.7481
14576,-9.1555,0.1705,1.7607
14591,-9.1364,0.20663,1.7846
14601,-9.154,0.19142,1.7998
14612,-9.1611,0.17776,1.7862
14616,-9.2111,0.15375,1.7807
14634,-9.1706,0.13396,1.7532
14640,-9.1646,0.13396,1.7232
14653,-9.1886,0.13396,1.7371
14656,-9.1564,0.11523,1.7424
14672,-9.1467,0.095642,1.7895
14681,-9.108,0.11414,1.8282
14707,-9.1264,0.13396,1.8381
14710,-9.1743,0.13396,1.8192
14721,-9.1602,0.1676,1.776
14722,-9.1747,0.14363,1.7805
14730,-9.146,0.13396,1.7998
14736,-9.1172,0.11481,1.7807
14754,-9.103,0.13396,1.7758
14760,-9.127,0.13396,1.7712
14770,-9.151,0.13396,1.7661
14786,-9.156,0.13373,1.7807
14795,-9.1939,0.11481,1.7807
14801,-9.184,0.10489,1.7807
14810,-9.1747,0.11043,1.8103
14826,-9.193,0.096069,1.8577
14835,-9.1555,0.12543,1.8658
14840,-9.1454,0.13278,1.7772
14855,-9.1214,0.099792,1.6782
14864,-9.1357,0.13541,1.7077
14882,-9.1172,0.17226,1.7998
14886,-9.1172,0.16188,1.8102
14890,-9.1325,0.12254,1.8343
14904,-9.1555,0.11481,1.8381
14914,-9.1671,0.10904,1.8151
14920,-9.1939,0.085007,1.7509
14930,-9.2094,0.091995,1.7113
14959,-9.1567,0.078812,1.7221
14961,-9.1687,0.10883,1.722
14963,-9.1447,0.11734,1.8049
14970,-9.1207,0.13396,1.8381
14986,-9.1202,0.13541,1.8764
14994,-9.1618,0.15311,1.8764
