15056,-9.2802,0.24887,1.1103
15057,-9.2591,0.2336,1.095
15059,-9.2497,0.22972,1.1503
15061,-9.2322,0.22972,1.1606
15063,-9.2322,0.22972,1.1423
15063,-9.2322,0.22972,1.1299
15064,-9.2322,0.23434,1.1393
15065,-9.2525,0.25905,1.1103
15065,-9.2391,0.2523,1.0946
15149,-9.2705,0.26804,1.0655
15151,-9.2705,0.27567,1.0605
15154,-9.2573,0.28719,1.0457
15157,-9.2513,0.28719,1.0524
15160,-9.2322,0.26804,1.0669
15164,-9.2215,0.27866,1.0528
15167,-9.2292,0.30333,1.0367
15169,-9.2513,0.27057,1.0312
15171,-9.2513,0.28719,1.0065
15174,-9.2513,0.28719,1.009
15249,-9.2513,0.30634,0.95708
15251,-9.2377,0.3008,1.009
15253,-9.2513,0.27611,1.0065
15253,-9.2679,0.26804,1.0145
15254,-9.2926,0.26204,0.93492
15255,-9.3003,0.23824,0.92729
15255,-9.3037,0.26294,0.952
15256,-9.2696,0.26714,1.015
15256,-9.2322,0.23868,1.0427
15345,-9.2245,0.27568,1.0643
15346,-9.2642,0.28719,1.0358
15347,-9.2931,0.32549,0.97968
15349,-9.3178,0.32549,0.9864
15350,-9.3279,0.34,1.0053
15352,-9.3179,0.34465,1.0145
15353,-9.3024,0.33821,1.0274
15354,-9.3016,0.31351,1.0289
15354,-9.2738,0.28882,1.0145
15355,-9.2591,0.23749,1.0089
15466,-9.2439,0.19881,0.98363
15467,-9.2513,0.20638,0.96127
15470,-9.2513,0.23106,0.93927
15471,-9.2582,0.26263,0.93643
15473,-9.2705,0.29959,0.89961
15474,-9.2705,0.30634,0.89961
15476,-9.2853,0.32114,0.8718
15477,-9.2705,0.30634,0.84215
15478,-9.2551,0.30634,0.85756
15538,-9.2335,0.26933,0.84477
15541,-9.2513,0.27985,0.88046
15542,-9.2642,0.26804,0.91907
15543,-9.2889,0.23122,0.97473
15544,-9.2657,0.23929,1.0002
15545,-9.2513,0.22089,1.0352
15545,-9.2513,0.22972,1.037
15546,-9.2558,0.24887,1.0314
15546,-9.2896,0.25665,1.0145
15547,-9.2799,0.25829,1.0048
15634,-9.2705,0.26755,0.99538
15635,-9.2723,0.28194,0.96233
15635,-9.3172,0.26804,0.96547
15636,-9.3251,0.26804,0.95708
15637,-9.3266,0.26804,0.95573
15637,-9.3142,0.26804,0.94339
15638,-9.3088,0.25426,0.93791
15639,-9.2705,0.26804,0.93777
15639,-9.2591,0.27371,0.92445
15641,-9.2165,0.28719,0.93791
15731,-9.2303,0.28719,0.90335
15733,-9.2162,0.2809,0.93164
15733,-9.2322,0.24019,0.89961
15734,-9.2464,0.22972,0.89961
15734,-9.2136,0.22852,0.88107
15735,-9.2383,0.20981,0.90575
15736,-9.263,0.26054,0.89543
15736,-9.2705,0.26804,0.88046
15737,-9.2795,0.30634,0.88387
15828,-9.2492,0.30634,0.90813
15829,-9.2705,0.30634,0.91876
15829,-9.2705,0.30634,0.93687
15830,-9.2836,0.30634,0.93195
15831,-9.3088,0.28209,0.95708
15831,-9.3088,0.26804,0.95708
15832,-9.2624,0.27611,0.9722
15833,-9.2322,0.30634,0.94749
15833,-9.2322,0.29121,0.93791
15834,-9.2322,0.28719,0.92316
15921,-9.2392,0.26099,0.89961
15923,-9.2513,0.24887,0.86191
15924,-9.2694,0.23076,0.84215
15925,-9.2468,0.24887,0.8275
15926,-9.2322,0.24887,0.84717
15929,-9.2322,0.24887,0.85951
15930,-9.2494,0.23166,0.91876
15931,-9.2471,0.25635,0.91129
15934,-9.2835,0.28105,0.86057
16019,-9.3211,0.28719,0.86472
16020,-9.2946,0.29211,0.88541
16021,-9.2878,0.30634,0.88914
16023,-9.2384,0.30634,0.91249
16023,-9.2322,0.29196,0.91638
16024,-9.2401,0.31755,0.90755
16024,-9.2783,0.29286,0.91876
16025,-9.3086,0.26817,0.89977
16026,-9.3196,0.25426,0.92415
16027,-9.3471,0.258,0.94795
16119,-9.3309,0.21648,0.97328
16121,-9.3088,0.24602,0.98192
16121,-9.3088,0.22972,1.0145
16122,-9.281,0.22972,1.0006
16123,-9.2702,0.28688,0.99478
16124,-9.2572,0.26219,0.95708
16124,-9.2705,0.26024,0.94571
16125,-9.2874,0.26804,0.92102
16125,-9.2728,0.24887,0.92108
16218,-9.287,0.24887,0.93663
16220,-9.237,0.24887,0.9044
16222,-9.2322,0.24736,0.89961
16223,-9.2322,0.21684,0.89334
16224,-9.2322,0.22972,0.89229
16224,-9.2408,0.22104,0.89961
16225,-9.2476,0.21057,0.90337
16226,-9.2414,0.21983,0.91876
16227,-9.2513,0.24452,0.91876
16228,-9.2705,0.24887,0.93639
16310,-9.2705,0.24887,0.92776
16312,-9.2827,0.24887,0.92566
16313,-9.2896,0.28448,0.93657
16314,-9.2896,0.30214,0.96127
16315,-9.2896,0.29691,0.97623
16316,-9.2744,0.29106,0.97623
16316,-9.2896,0.30469,1.0129
16317,-9.2825,0.28,0.99538
16318,-9.2832,0.25529,1.0081
16318,-9.2734,0.23259,1.0145
16412,-9.2612,0.22508,1.0099
16413,-9.2322,0.21057,1.0056
16414,-9.2479,0.21057,1.0145
16414,-9.2492,0.23181,0.99538
16415,-9.2322,0.24887,0.98775
16416,-9.2058,0.28838,0.97623
16416,-9.2126,0.32503,0.95753
16417,-9.199,0.33955,0.92265
16418,-9.2203,0.33273,0.86597
16506,-9.2593,0.31752,0.84215
16507,-9.2871,0.28209,0.84215
16508,-9.2624,0.24078,0.85023
16509,-9.2377,0.22972,0.87492
16509,-9.2322,0.22972,0.93791
16510,-9.2198,0.22972,0.93791
16510,-9.202,0.24078,0.97115
16511,-9.2105,0.26549,0.94556
16512,-9.213,0.28719,0.94511
16513,-9.2236,0.31883,0.85938
16596,-9.2471,0.31487,0.84215
16599,-9.2126,0.28763,0.82256
16604,-9.1879,0.29436,0.80385
16606,-9.1747,0.26804,0.81537
16607,-9.1747,0.26804,0.80595
16609,-9.1904,0.27147,0.75865
16611,-9.1927,0.28719,0.73622
16612,-9.184,0.28719,0.70285
16613,-9.1364,0.30789,0.68814
16695,-9.1322,0.34465,0.65712
16700,-9.0933,0.35661,0.5764
16703,-9.0965,0.3638,0.53734
16703,-9.1172,0.3638,0.40521
16704,-9.1172,0.37321,0.33473
16705,-9.1322,0.38295,0.29509
16705,-9.1569,0.4458,0.16908
16706,-9.1885,0.53079,0.092178
16707,-9.2379,0.605,-0.06839
16707,-9.3113,0.65594,-0.18755
16795,-9.375,0.68886,-0.24905
16795,-9.4144,0.7283,-0.29839
16796,-9.4237,0.77768,-0.37245
16797,-9.4776,0.82527,-0.38368
16798,-9.4135,0.81329,-0.38368
16798,-9.2762,0.67593,-0.30647
16799,-9.0481,0.52151,-0.17673
16800,-8.8874,0.41647,-0.029343
16800,-8.7783,0.42274,0.13947
16801,-8.7153,0.44041,0.32339
16885,-8.6576,0.41901,0.44667
16886,-8.6342,0.39432,0.52074
16887,-8.5602,0.36963,0.52821
16889,-8.4672,0.34494,0.47884
16890,-8.4225,0.315,0.36496
16892,-8.4301,0.28719,0.19212
16893,-8.5121,0.27087,0.035614
16894,-8.5753,0.28719,-0.087997
16894,-8.6785,0.29416,-0.16779
16987,-8.778,0.29375,-0.21732
16988,-8.9263,0.28688,-0.30721
16989,-9.0365,0.23749,-0.33189
16991,-9.1734,0.1769,-0.36781
16993,-9.213,0.10281,-0.40044
16994,-9.213,0.062195,-0.42513
16995,-9.213,0.029495,-0.4585
16995,-9.0424,0.0048065,-0.55052
16996,-8.8832,0.019028,-0.63446
16996,-8.6713,0.030731,-0.70184
17079,-8.5629,0.01001,-0.77972
17084,-8.4566,-0.00012207,-0.90831
17086,-8.3403,0.019028,-1.0445
17090,-8.2206,0.082916,-1.2511
17093,-8.0231,0.22643,-1.4587
17094,-8.1213,0.27222,-1.4552
17095,-8.1279,0.37097,-1.4174
17096,-8.1889,0.45761,-1.3069
17097,-8.27,0.53168,-1.1941
17176,-8.2745,0.63603,-1.0999
17177,-8.2458,0.70856,-1.0445
17178,-8.2473,0.71259,-0.92506
17181,-8.3041,0.6909,-0.88168
17183,-8.5262,0.65932,-0.87463
17183,-8.9473,0.4865,-0.90022
17184,-9.2962,0.33176,-1.0829
17184,-9.4934,0.17346,-1.3761
17185,-9.6362,0.064667,-1.6924
17186,-9.6856,0.006134,-1.9878
17273,-9.6016,-0.038437,-2.2474
17275,-9.3839,-0.045929,-2.2915
17277,-9.0759,-0.10966,-2.1888
17278,-8.6869,-0.22697,-1.9974
17280,-8.4413,-0.36652,-1.7597
17282,-8.3179,-0.37886,-1.6486
17283,-8.1144,-0.38319,-1.5935
17284,-7.9417,-0.45503,-1.6071
17284,-7.8835,-0.62697,-1.8355
17367,-7.8954,-0.88217,-2.4179
17368,-7.9295,-1.0526,-2.7757
17368,-7.9136,-1.108,-3.2992
17369,-7.774,-1.1384,-3.6586
17369,-7.6011,-1.0479,-3.8726
17370,-7.6872,-0.93507,-3.8852
17371,-7.9848,-0.76268,-3.6541
17371,-8.3596,-0.59747,-3.5388
17372,-8.5058,-0.45831,-3.5629
17373,-8.6066,-0.34448,-3.5375
17472,-8.6071,-0.22179,-3.5854
17474,-8.4986,-0.07106,-3.6207
17475,-8.3056,0.11209,-3.6437
17476,-8.1611,0.14726,-3.7812
17478,-7.9968,-0.033646,-3.8553
17479,-7.831,-0.29567,-3.9515
17480,-7.7008,-0.61125,-4.1306
17482,-7.4668,-0.98474,-4.3754
17483,-7.2546,-1.2637,-4.5849
17484,-7.0547,-1.3947,-4.6902
17562,-6.8583,-1.2005,-4.7501
17563,-6.7596,-0.94374,-4.6958
17563,-6.6596,-0.65614,-4.5544
17564,-6.5496,-0.40027,-4.4758
17565,-6.4878,-0.30734,-4.4818
17565,-6.4384,-0.27031,-4.5188
17566,-6.4082,-0.16412,-4.6591
17568,-6.4172,-0.15366,-4.6644
17568,-6.5923,-0.23357,-4.7465
17655,-6.972,-0.42424,-4.9272
17656,-7.1588,-0.61305,-5.0739
17658,-7.1319,-0.91905,-5.1719
17659,-7.1061,-1.05,-5.319
17661,-6.8496,-1.0977,-5.4251
17662,-6.6261,-0.89436,-5.4977
17663,-7.4566,-0.60033,-5.4191
17664,-8.0261,-0.3476,-5.732
17664,-7.5664,0.041626,-5.6508
17665,-7.136,0.26283,-5.9084
17756,-6.8055,0.36212,-6.1826
17757,-6.6593,0.38295,-6.3339
17759,-6.5996,0.40419,-6.6233
17763,-6.5596,0.34044,-6.9043
17765,-6.3861,0.21834,-7.1117
17765,-6.1302,-0.077942,-7.1045
17766,-6.039,-0.31976,-7.09
17767,-6.0527,-0.38319,-7.1641
17767,-6.0874,-0.47577,-7.1712
17847,-6.5616,-0.59389,-7.424
17848,-7.013,-0.52745,-7.9751
17848,-7.1319,-0.43288,-8.3408
17849,-7.289,-0.18509,-8.8499
17850,-6.8733,-0.057587,-9.3224
17850,-6.3105,0.020813,-9.5418
17851,-5.8204,0.19141,-9.6421
17852,-5.6772,0.42514,-9.5581
17853,-5.4308,0.44041,-9.4688
17854,-5.2794,0.51343,-9.1665
17945,-5.136,0.41212,-8.8815
17947,-5.0416,0.55711,-9.0046
17950,-4.849,0.58527,-9.2916
17951,-4.456,0.80434,-9.7694
17953,-4.269,0.85222,-10.123
17953,-4.1631,0.88095,-10.214
17954,-4.0215,0.70825,-10.086
17955,-3.6794,0.57538,-9.7993
17955,-3.443,0.41228,-9.5128
18044,-3.2663,0.38748,-9.1434
18045,-3.2057,0.43503,-8.8382
18045,-3.1931,0.48441,-8.7031
18046,-3.1258,0.49788,-8.822
18047,-2.8001,0.70242,-9.1185
18047,-2.6421,0.77649,-9.3604
18048,-2.4971,0.85056,-9.4933
18048,-2.3542,0.74806,-9.5373
18049,-2.3369,0.51582,-9.476
18051,-2.297,0.36136,-9.3152
18141,-2.2059,0.30634,-9.1421
18143,-2.0927,0.41168,-8.9836
18143,-1.9302,0.53917,-8.8436
18144,-1.8296,0.59035,-8.7254
18144,-1.7859,0.56888,-8.7031
18145,-1.8353,0.50714,-8.7771
18146,-1.898,0.46539,-8.9178
18147,-1.9532,0.45956,-9.1719
18147,-2.0862,0.47871,-9.3354
18148,-2.388,0.47871,-9.5923
18246,-2.6867,0.39334,-9.7865
18248,-3.0372,0.24617,-9.9437
18250,-3.1277,0.23795,-10.133
18254,-3.0916,0.29016,-10.265
18256,-2.9109,0.38354,-10.074
18258,-2.8292,0.47662,-9.9087
18258,-2.8494,0.5058,-9.8661
18259,-2.957,0.44759,-9.6588
18260,-3.2632,0.30287,-9.4528
18335,-3.5757,0.10184,-9.4229
18335,-3.7914,-0.09964,-9.5002
18336,-3.9099,-0.13242,-9.4415
18337,-3.9718,-0.064484,-9.4104
18337,-4.0041,-0.015091,-9.5092
18338,-4.162,0.085907,-9.5219
18339,-4.2355,0.23212,-9.417
18339,-4.3836,0.35286,-9.3767
18340,-4.5464,0.42694,-9.3227
18341,-4.6853,0.36368,-9.2325
18440,-4.8466,0.15131,-9.2255
18442,-4.8843,0.0018158,-9.054
18447,-4.7784,0.016022,-8.6835
18450,-4.6666,0.088608,-8.2688
18453,-4.755,0.16747,-8.0499
18454,-4.8661,0.25389,-7.9141
18455,-5.0995,0.31082,-7.7976
18456,-5.1806,0.33566,-7.8082
18456,-5.2794,0.18661,-7.7836
18524,-5.3864,-0.17905,-7.5161
18525,-5.4239,-0.38979,-7.2059
18526,-5.5774,-0.52641,-6.8796
18527,-5.7438,-0.40834,-6.4626
18529,-5.8767,-0.16055,-6.0298
18533,-6.1041,0.18962,-5.8009
18535,-6.5176,0.28029,-5.8049
18537,-6.9248,0.045349,-6.046
18540,-7.2754,-0.3232,-6.3898
18542,-7.4528,-0.76778,-6.5215
18624,-7.5822,-1.102,-6.3526
18625,-7.7813,-0.9985,-6.0148
18626,-8.2329,-0.78603,-5.5095
18626,-8.3631,-0.48975,-5.3097
18627,-8.4276,-0.28848,-5.42
18627,-7.9279,-0.22757,-5.7509
18628,-7.5908,-0.1725,-6.0666
18629,-7.4838,-0.27127,-6.116
18629,-7.7445,-0.30446,-6.0936
18724,-7.9772,-0.27611,-6.0766
18726,-8.0291,-0.18298,-5.5746
18728,-7.9264,-0.075851,-5.0117
18732,-7.6257,-0.03096,-4.4658
18737,-7.4012,-0.046219,-4.1049
18740,-7.4864,-0.072266,-3.86
18742,-7.6206,-0.13152,-3.6254
18742,-7.7882,-0.26379,-3.1951
18743,-8.1069,-0.3401,-2.888
18744,-8.3949,-0.25626,-2.9442
18818,-8.5602,0.02681,-3.1891
18821,-8.7212,0.24483,-3.2539
18825,-8.8072,0.4817,-3.3453
18828,-9.0505,0.56654,-3.3525
18830,-9.5135,0.62206,-3.3246
18831,-9.9629,0.64676,-3.2654
18831,-10.339,0.65588,-3.222
18832,-10.58,0.72772,-3.2557
18833,-10.629,0.73998,-3.1571
18833,-10.632,0.72946,-3.0009
18913,-10.67,0.66006,-2.8
18914,-10.745,0.52615,-2.4985
18914,-10.547,0.45207,-2.1353
18915,-10.128,0.42784,-1.8196
18916,-9.6009,0.47632,-1.5018
18917,-9.2649,0.51672,-1.1568
18918,-8.973,0.59184,-0.83588
18919,-8.7063,0.68881,-0.49695
18920,-8.5747,0.77655,-0.07341
19005,-8.477,0.83716,0.25113
19006,-8.3131,0.85968,0.43126
19007,-8.129,0.84264,0.56233
19008,-7.9776,0.82947,0.60513
19009,-7.9671,0.74866,0.46222
19010,-8.0165,0.67413,0.35001
19012,-8.1615,0.58943,0.15921
19013,-8.4008,0.47452,-0.12091
19014,-8.7634,0.35107,-0.42572
19015,-9.2494,0.17711,-0.63205
19106,-9.5148,0.040497,-0.71556
19107,-9.7302,-0.057587,-0.76675
19107,-9.8698,-0.074203,-0.7859
19108,-9.8502,-0.12613,-0.77483
19109,-9.8093,-0.16742,-0.7003
19110,-9.7757,-0.12822,-0.48184
19111,-9.6854,-0.044724,-0.1685
19112,-9.6114,0.089355,0.1209
19113,-9.5552,0.23015,0.36418
19201,-9.3948,0.25954,0.39095
19202,-9.1092,0.27567,0.34027
19203,-8.7123,0.1998,0.34206
19204,-8.5515,-0.057144,0.4935
19205,-8.4684,-0.27486,0.74939
19206,-8.4422,-0.39832,0.94839
19206,-8.5106,-0.45892,1.0903
19207,-8.6899,-0.41493,1.0205
19207,-8.7916,-0.31616,0.83498
19208,-8.8168,-0.2119,0.68398
19296,-8.8225,0.038773,0.52014
19297,-8.9437,0.27626,0.41196
19298,-9.1412,0.51343,0.36331
19299,-9.3606,0.75764,0.3455
19299,-9.5558,0.91042,0.36331
19300,-9.6176,0.94746,0.36331
19301,-9.6524,0.97551,0.34535
19302,-9.4761,0.86972,0.38068
19303,-9.2785,0.67712,0.46956
19397,-9.2332,0.4138,0.5591
19398,-9.2495,0.28358,0.63864
19400,-9.2175,0.21953,0.75208
19403,-9.1424,0.10791,0.88734
19404,-9.0436,0.039673,1.0108
19404,-9.0215,-0.0049133,1.0481
19405,-9.0834,-0.050262,1.0027
19406,-9.2633,-0.12433,0.88106
19406,-9.3448,-0.1387,0.81851
19407,-9.2916,-0.15797,0.77742
19488,-9.2193,-0.1342,0.72691
19490,-9.213,-0.11536,0.68922
19490,-9.2566,-0.041885,0.64717
19492,-9.2813,0.021408,0.73203
19493,-9.3223,0.054489,0.84709
19494,-9.3935,0.03009,0.92146
19495,-9.4429,-0.027512,0.92969
19495,-9.4153,-0.065979,0.89124
19496,-9.3466,-0.095795,0.84163
19497,-9.2595,-0.078384,0.75456
19583,-9.2163,0.11345,0.68564
19583,-9.2489,0.25366,0.61949
19584,-9.1876,0.35406,0.536
19584,-9.1208,0.39342,0.39653
19585,-9.086,0.36162,0.31572
19585,-9.0999,0.32368,0.26515
19585,-9.1801,0.24348,0.1848
19586,-9.2905,0.14473,0.16011
19586,-9.4484,0.080383,0.066589
19681,-9.5267,0.050751,0.011963
19682,-9.5769,0.047302,0.017654
19683,-9.5329,0.013336,0.081696
19683,-9.4801,0.038177,0.13557
19684,-9.4423,0.044754,0.19153
19684,-9.3682,0.069458,0.28984
19685,-9.3294,0.076492,0.37798
19685,-9.2624,0.13396,0.43291
19686,-9.2322,0.13396,0.49739
19686,-9.2459,0.13396,0.51654
19778,-9.2337,0.1163,0.4944
19780,-9.2584,0.14098,0.43799
19781,-9.2956,0.16566,0.38905
19782,-9.3631,0.17226,0.32814
19783,-9.4135,0.15759,0.26305
19784,-9.4529,0.15221,0.25841
19784,-9.4931,0.14951,0.22086
19785,-9.4964,0.17419,0.20815
19785,-9.4361,0.19142,0.20128
19871,-9.342,0.17523,0.24542
19872,-9.2531,0.15311,0.34177
19872,-9.1982,0.10986,0.34909
19873,-9.1555,0.095642,0.37379
19873,-9.1716,0.063614,0.41451
19876,-9.207,0.025009,0.39923
19879,-9.2401,-0.0080566,0.38246
19881,-9.2648,-0.086624,0.39594
19883,-9.2515,-0.17206,0.38261
19886,-9.2566,-0.26991,0.42241
19970,-9.2446,-0.33144,0.44667
19971,-9.3007,-0.31198,0.43993
19972,-9.3968,-0.27113,0.4534
19973,-9.4704,-0.29582,0.40402
19973,-9.4673,-0.30658,0.36856
19974,-9.4228,-0.30688,0.34386
19974,-9.3604,-0.32573,0.33669
19975,-9.3357,-0.31436,0.38606
19975,-9.311,-0.28969,0.40161
20065,-9.3268,-0.26718,0.4241
20067,-9.2911,-0.2403,0.4959
20067,-9.2274,-0.15814,0.54527
20068,-9.1946,-0.094391,0.57401
20068,-9.2193,-0.038742,0.56145
20068,-9.2558,0.011688,0.54752
20069,-9.2878,0.036377,0.53749
20069,-9.3508,0.057343,0.49365
20070,-9.357,0.057343,0.47823
20070,-9.3572,0.067444,0.46812
20169,-9.3662,0.074097,0.4962
20170,-9.3528,0.044907,0.48497
20171,-9.3034,0.045059,0.49739
20172,-9.2896,0.0025635,0.47958
20173,-9.2492,0.019028,0.46118
20174,-9.2369,0.019028,0.47353
20174,-9.2474,0.019028,0.4935
20175,-9.213,0.0015106,0.51819
20175,-9.2202,0.019028,0.53569
20176,-9.2164,0.0032196,0.53569
20260,-9.1762,-0.018524,0.5173
20261,-9.2322,-0.052353,0.53569
20261,-9.2423,-0.085724,0.54587
20262,-9.267,-0.061035,0.57057
20262,-9.2917,-0.019272,0.58029
20262,-9.3164,-0.019272,0.6391
20263,-9.3016,-0.019272,0.63745
20263,-9.2896,-0.037994,0.63145
20263,-9.3132,-0.042892,0.55484
20357,-9.3188,-0.03923,0.53648
20358,-9.2926,-0.019272,0.5004
20359,-9.2896,0.021561,0.53316
20361,-9.2735,0.038177,0.5327
20362,-9.2377,0.024551,0.60931
20363,-9.2513,0.057343,0.63145
20364,-9.2322,0.038177,0.65616
20365,-9.2322,0.038177,0.65871
20365,-9.2322,0.038177,0.6008
20366,-9.2322,0.038177,0.59315
20454,-9.2443,0.026047,0.55678
20455,-9.2654,-0.023178,0.54976
20456,-9.3284,-0.077194,0.51654
20457,-9.3471,-0.10188,0.4926
20458,-9.3586,-0.12657,0.46297
20459,-9.3662,-0.083023,0.46118
20460,-9.3402,-0.089005,0.46597
20461,-9.2908,-0.048615,0.50638
20463,-9.2415,0.0050964,0.51654
20550,-9.2513,0.019028,0.55484
20550,-9.2642,0.019028,0.56128
20551,-9.2777,0.030991,0.57401
20552,-9.253,0.02066,0.57401
20553,-9.2322,0.022903,0.55096
20553,-9.2699,0.028748,0.52628
20554,-9.3088,0.033981,0.50159
20555,-9.3471,0.016327,0.45773
20556,-9.3333,-0.026169,0.4537
20557,-9.2982,-0.027847,0.46764
20644,-9.2719,-0.0015717,0.49451
20645,-9.3131,0.023361,0.47389
20646,-9.3378,0.038177,0.43933
20647,-9.3625,0.038177,0.43619
20648,-9.3052,-0.00012207,0.45998
20648,-9.2558,-0.00012207,0.47232
20649,-9.2064,-0.025879,0.47823
20650,-9.1939,-0.056839,0.49664
20650,-9.2513,-0.048019,0.52133
20752,-9.2711,0.019028,0.55576
20755,-9.3044,0.019028,0.60565
20759,-9.2919,0.016769,0.63145
20761,-9.301,-0.00012207,0.63145
20763,-9.2763,-0.026764,0.60483
20764,-9.2893,-0.095001,0.57431
20764,-9.3245,-0.10982,0.53046
20765,-9.3662,-0.095886,0.50578
20766,-9.3499,-0.07959,0.49739
20767,-9.3056,-0.067261,0.50056
20861,-9.2607,-0.028931,0.53583
20863,-9.2459,-0.038437,0.58238
20866,-9.2705,-0.038589,0.6123
20870,-9.2875,-0.05191,0.60663
20873,-9.3392,-0.027222,0.58194
20873,-9.3303,-0.036041,0.54048
20874,-9.3248,-0.016144,0.51654
20875,-9.3175,0.017227,0.49051
20875,-9.3279,0.038177,0.4733
20876,-9.295,0.054657,0.52765
20941,-9.2705,0.058075,0.55411
20943,-9.2705,0.030685,0.59315
20944,-9.2877,0.020966,0.59315
20944,-9.2549,0.0034637,0.59315
20945,-9.2796,0.019028,0.58859
20945,-9.3043,0.019028,0.57626
20946,-9.2907,0.016922,0.57191
20947,-9.3088,-0.019272,0.53569
20947,-9.3209,-0.031403,0.52357
21035,-9.2988,-0.048477,0.52567
21036,-9.2705,-0.08078,0.50548
21037,-9.2705,-0.10547,0.53569
21037,-9.2705,-0.11505,0.55081
21038,-9.2513,-0.097397,0.5372
21039,-9.2513,-0.11505,0.56892
21039,-9.2765,-0.10248,0.5806
21040,-9.3077,-0.095886,0.59212
21040,-9.2941,-0.07225,0.57851
21041,-9.3202,-0.057587,0.58176
21133,-9.312,-0.057587,0.58997
21134,-9.2896,-0.095886,0.59315
21134,-9.2896,-0.10338,0.5782
21135,-9.2636,-0.11505,0.54182
21136,-9.2884,-0.11505,0.55424
21136,-9.2896,-0.11505,0.53569
21137,-9.3001,-0.10458,0.54617
21138,-9.3088,-0.11191,0.53883
21139,-9.3318,-0.095886,0.49739
21221,-9.3709,-0.086609,0.50204
21222,-9.3854,-0.057587,0.50308
21223,-9.3854,-0.057587,0.57341
21224,-9.3692,-0.038437,0.59854
21225,-9.3061,-0.038437,0.63417
21227,-9.2732,-0.021988,0.65886
21228,-9.2513,-0.0058136,0.67262
21228,-9.2429,-0.03006,0.71407
21229,-9.2461,-0.019272,0.77422
21230,-9.1944,-0.038437,0.78468
21323,-9.213,-0.048309,0.76497
21324,-9.213,-0.046219,0.71227
21325,-9.2299,-0.038437,0.68892
21325,-9.2513,-0.019272,0.62817
21326,-9.2425,-0.019272,0.58583
21327,-9.2322,-0.033646,0.56921
21327,-9.2543,-0.056839,0.57326
21328,-9.3531,-0.044724,0.536
21329,-9.4282,-0.069412,0.50922
21329,-9.4047,-0.038605,0.53561
21416,-9.355,-0.042191,0.54692
21418,-9.2995,-0.085434,0.59315
21420,-9.2748,-0.11505,0.60797
21421,-9.2729,-0.11386,0.63266
21423,-9.3088,-0.089157,0.66409
21423,-9.3088,-0.064484,0.70119
21424,-9.2732,-0.039795,0.7793
21424,-9.2088,-0.053406,0.86969
21425,-9.1861,-0.054001,0.89961
21520,-9.1747,-0.076736,0.88565
21523,-9.1555,-0.11835,0.84052
21524,-9.1555,-0.16054,0.81583
21524,-9.1937,-0.1725,0.77841
21525,-9.213,-0.1725,0.76553
21525,-9.2249,-0.1725,0.76553
21526,-9.2423,-0.15216,0.76553
21527,-9.267,-0.1185,0.76553
21527,-9.3109,-0.11505,0.74429
21528,-9.3279,-0.11505,0.74017
21611,-9.3279,-0.11505,0.74638
21612,-9.3092,-0.11505,0.74638
21612,-9.2795,-0.10997,0.72723
21613,-9.2513,-0.11714,0.71661
21614,-9.2028,-0.11806,0.75656
21615,-9.1772,-0.13167,0.76553
21615,-9.1858,-0.12314,0.74939
21616,-9.2292,-0.1342,0.72723
21617,-9.2513,-0.11505,0.66977
21716,-9.2769,-0.089508,0.69531
21718,-9.2786,-0.054596,0.68593
21719,-9.2373,-0.02182,0.68639
21721,-9.2573,-0.016281,0.68593
21723,-9.2896,-0.0086517,0.66977
21723,-9.3178,0.0088501,0.62758
21724,-9.3088,-0.018829,0.59315
21725,-9.3148,-0.024078,0.59315
21725,-9.351,-0.076736,0.57011
21726,-9.3662,-0.090103,0.52814
21839,-9.3574,-0.095886,0.45219
21842,-9.3866,-0.10487,0.42976
21846,-9.3517,-0.086029,0.46896
21849,-9.3252,-0.077637,0.51834
21852,-9.2673,-0.10555,0.5645
21856,-9.2549,-0.14258,0.60153
21859,-9.2163,-0.13585,0.64734
21862,-9.213,-0.1342,0.67755
21866,-9.213,-0.1342,0.68922
21916,-9.2322,-0.11505,0.68892
21917,-9.2335,-0.11505,0.68623
21917,-9.2582,-0.11505,0.63686
21918,-9.2581,-0.11505,0.6123
21918,-9.2513,-0.11505,0.6123
21919,-9.2557,-0.11505,0.6123
21919,-9.2705,-0.10518,0.62219
21919,-9.3013,-0.12672,0.63145
21920,-9.3088,-0.095886,0.61052
21920,-9.3164,-0.095886,0.58554
22011,-9.3279,-0.069687,0.58711
22012,-9.3463,-0.057587,0.57477
22013,-9.3232,-0.07196,0.55006
22015,-9.2881,-0.078247,0.54602
22016,-9.2705,-0.080032,0.58658
22017,-9.2536,-0.10039,0.63596
22018,-9.2783,-0.12643,0.65421
22019,-9.3163,-0.11505,0.59152
22020,-9.3091,-0.096191,0.57401
22021,-9.29,-0.13341,0.5365
22095,-9.2023,-0.11505,0.55484
22096,-9.2265,-0.09874,0.57117
22097,-9.2211,-0.093201,0.59315
22097,-9.2869,-0.076736,0.58493
22098,-9.3226,-0.076736,0.57401
22099,-9.3474,-0.077042,0.57401
22099,-9.3683,-0.10938,0.56264
22100,-9.3055,-0.11835,0.53569
22100,-9.2729,-0.10068,0.55246
22189,-9.2587,-0.10327,0.58578
22190,-9.2878,-0.097702,0.58269
22190,-9.2946,-0.062531,0.60738
22191,-9.2902,-0.038437,0.63206
22192,-9.3088,-0.038437,0.63835
22192,-9.2854,-0.061783,0.60065
22193,-9.2705,-0.093948,0.59315
22193,-9.2513,-0.11865,0.57042
22194,-9.2605,-0.1342,0.54572
22195,-9.2407,-0.1342,0.53569
22283,-9.2705,-0.11296,0.53674
22284,-9.2771,-0.083328,0.56143
22285,-9.2896,-0.083771,0.56189
22287,-9.2896,-0.094391,0.62547
22288,-9.2856,-0.095886,0.60828
22289,-9.2705,-0.10547,0.59315
22290,-9.2856,-0.11505,0.60828
22291,-9.2735,-0.094391,0.62846
22293,-9.3141,-0.071457,0.59315
22395,-9.3279,-0.048248,0.57445
22397,-9.3461,-0.0022278,0.55484
22397,-9.2953,-0.0046234,0.55035
22398,-9.2413,-0.029312,0.54572
22399,-9.2322,-0.054001,0.55484
22400,-9.2427,-0.068146,0.5865
22400,-9.2588,-0.084229,0.59735
22401,-9.2835,-0.095886,0.57401
22401,-9.2525,-0.11446,0.55545
22402,-9.2439,-0.12682,0.56662
22479,-9.2322,-0.089783,0.55484
22479,-9.2322,-0.076736,0.57086
22480,-9.2346,-0.07196,0.56923
22481,-9.2593,-0.038437,0.54362
22481,-9.284,-0.038437,0.52792
22482,-9.3086,-0.038437,0.53555
22483,-9.3004,-0.0055084,0.492
22483,-9.317,0.013489,0.511
22484,-9.3088,0.038177,0.53569
22572,-9.3392,0.016373,0.53569
22573,-9.298,-0.00012207,0.52731
22574,-9.2949,-0.014038,0.48871
22575,-9.2896,-0.076736,0.47823
22576,-9.2896,-0.076736,0.4724
22577,-9.2783,-0.08812,0.44771
22578,-9.2367,-0.11281,0.45683
22579,-9.2513,-0.11505,0.46237
22580,-9.269,-0.12389,0.47823
22581,-9.2896,-0.1554,0.47823
22671,-9.2896,-0.15486,0.46208
22671,-9.2959,-0.19167,0.52313
22672,-9.3206,-0.16803,0.47375
22673,-9.3106,-0.11865,0.47644
22673,-9.3069,-0.072998,0.46095
22674,-9.2946,-0.048325,0.4733
22675,-9.2748,-0.023621,0.50787
22675,-9.2513,-0.00012207,0.53569
22676,-9.2581,-0.0068665,0.53569
22677,-9.3058,-0.019272,0.53569
22768,-9.2726,-0.055527,0.55382
22769,-9.3046,-0.061783,0.51654
22769,-9.2799,-0.076736,0.50682
22770,-9.2705,-0.09201,0.49739
22771,-9.2705,-0.078384,0.51819
22771,-9.2849,-0.10307,0.52852
22772,-9.3215,-0.12778,0.51654
22773,-9.3279,-0.1342,0.51654
22773,-9.3426,-0.11952,0.48846
22880,-9.3181,-0.14401,0.46889
22881,-9.2616,-0.13765,0.47823
22882,-9.2471,-0.1342,0.47823
22882,-9.2207,-0.12657,0.47823
22883,-9.2717,-0.14139,0.47823
22884,-9.3457,-0.15335,0.45953
22884,-9.3803,-0.1776,0.41179
22885,-9.345,-0.18105,0.42931
22886,-9.2795,-0.1725,0.43694
22887,-9.2391,-0.14113,0.47131
22962,-9.213,-0.095886,0.5327
22964,-9.2539,-0.068665,0.5957
22966,-9.2705,-0.095886,0.63145
22968,-9.2816,-0.10696,0.62593
22970,-9.3143,-0.12868,0.6123
22973,-9.3267,-0.11633,0.6123
22973,-9.3249,-0.1402,0.60632
22974,-9.2832,-0.16399,0.56548
22975,-9.2513,-0.16742,0.55484
23064,-9.2086,-0.16805,0.54591
23068,-9.1879,-0.15335,0.52852
23073,-9.2093,-0.16487,0.56638
23078,-9.2663,-0.1725,0.57401
23083,-9.3348,-0.1725,0.56712
23085,-9.3842,-0.15456,0.51775
23088,-9.3755,-0.090668,0.49739
23092,-9.3079,-0.095001,0.53481
23094,-9.2768,-0.070313,0.51654
23098,-9.2513,-0.080048,0.52777
23151,-9.2687,-0.078506,0.53569
23153,-9.2896,-0.072861,0.51266
23154,-9.2991,-0.057587,0.50682
23155,-9.3088,-0.072556,0.48662
23156,-9.3088,-0.075394,0.5152
23157,-9.3088,-0.057587,0.49739
23158,-9.284,-0.045181,0.49739
23159,-9.2525,-0.038437,0.51535
23160,-9.2291,-0.060669,0.54494
23253,-9.2164,-0.08017,0.59659
23254,-9.2476,-0.12672,0.62772
23255,-9.2932,-0.136,0.61052
23257,-9.3279,-0.1387,0.58583
23258,-9.3537,-0.14079,0.54826
23259,-9.3571,-0.14417,0.50809
23260,-9.3423,-0.12463,0.47823
23262,-9.3176,-0.095886,0.45758
23263,-9.2929,-0.095886,0.4558
23263,-9.2926,-0.10483,0.50633
23345,-9.3288,-0.15335,0.57491
23346,-9.3471,-0.15335,0.59315
23348,-9.366,-0.13451,0.59315
23349,-9.2983,-0.066269,0.59315
23350,-9.2382,-0.038437,0.62549
23352,-9.1967,-0.038437,0.66693
23353,-9.172,-0.060287,0.70807
23353,-9.1555,-0.084976,0.71631
23354,-9.1693,-0.13719,0.69971
23355,-9.2099,-0.17094,0.68892
23442,-9.2627,-0.16682,0.69102
23443,-9.3121,-0.14214,0.6394
23444,-9.3112,-0.11745,0.63145
23444,-9.3056,-0.092758,0.6123
23445,-9.281,-0.068069,0.60364
23446,-9.2705,-0.043381,0.60738
23446,-9.2693,-0.077942,0.57401
23450,-9.2444,-0.12732,0.57401
23451,-9.2786,-0.16148,0.57401
23547,-9.3053,-0.15681,0.5583
23550,-9.3124,-0.16533,0.53929
23553,-9.3279,-0.12508,0.54572
23553,-9.3133,-0.10039,0.53569
23554,-9.3077,-0.076736,0.55484
23555,-9.2831,-0.076736,0.55484
23555,-9.2705,-0.088867,0.57909
23556,-9.3058,-0.078247,0.59315
23557,-9.3128,-0.095886,0.57805
23558,-9.3525,-0.10815,0.56863
23633,-9.3662,-0.11505,0.55484
23634,-9.3456,-0.057587,0.55484
23635,-9.2998,-0.057587,0.55484
23636,-9.201,-0.057587,0.57999
23637,-9.1204,-0.075699,0.61127
23638,-9.1454,-0.10039,0.67427
23639,-9.2048,-0.1351,0.66888
23640,-9.3255,-0.1378,0.66618
23641,-9.3628,-0.1342,0.66631
23740,-9.3162,-0.12245,0.63145
23742,-9.2766,-0.08287,0.59241
23743,-9.2705,-0.058197,0.59256
23744,-9.3137,-0.038437,0.61725
23746,-9.3175,-0.027969,0.63145
23747,-9.3088,-0.051315,0.64748
23749,-9.304,-0.057587,0.63625
23750,-9.2705,-0.08139,0.66977
23751,-9.257,-0.11505,0.65631
23752,-9.2253,-0.12807,0.67664
23829,-9.213,-0.15335,0.65601
23831,-9.2239,-0.15335,0.64792
23832,-9.2651,-0.16982,0.61501
23834,-9.2925,-0.17535,0.60947
23835,-9.313,-0.18329,0.59315
23836,-9.3253,-0.1586,0.59315
23837,-9.3279,-0.15306,0.59256
23838,-9.3221,-0.12837,0.55484
23840,-9.2974,-0.10368,0.56622
23923,-9.2692,-0.097153,0.61105
23924,-9.2513,-0.11505,0.59975
23925,-9.2513,-0.11505,0.64912
23927,-9.2657,-0.12943,0.65541
23928,-9.2911,-0.1342,0.63222
23929,-9.3217,-0.12793,0.65691
23930,-9.3088,-0.11505,0.66977
23931,-9.3088,-0.11505,0.65242
23933,-9.2821,-0.10338,0.64314
23933,-9.2513,-0.10997,0.62039
24033,-9.2935,-0.090805,0.63145
24034,-9.3088,-0.079132,0.66977
24034,-9.302,-0.10832,0.65631
24035,-9.3019,-0.083633,0.65601
24036,-9.3088,-0.11237,0.66977
24036,-9.2854,-0.11925,0.68892
24037,-9.2705,-0.1342,0.68892
24038,-9.2552,-0.14948,0.67366
24038,-9.2311,-0.1331,0.68892
24039,-9.2145,-0.11656,0.68892
24120,-9.213,-0.11505,0.70381
24122,-9.2313,-0.13332,0.72635
24123,-9.2513,-0.091263,0.7226
24124,-9.2615,-0.097092,0.70807
24125,-9.2862,-0.099335,0.70807
24126,-9.2896,-0.13211,0.64853
24127,-9.2896,-0.099792,0.62383
24128,-9.2896,-0.10309,0.6123
24129,-9.2709,-0.077637,0.6123
24213,-9.2634,-0.10297,0.64355
24215,-9.2619,-0.12569,0.63145
24217,-9.2705,-0.11806,0.66379
24219,-9.2896,-0.13675,0.68639
24221,-9.2896,-0.15335,0.6617
24223,-9.3033,-0.12613,0.65062
24226,-9.3279,-0.095886,0.65062
24228,-9.2458,-0.079285,0.66977
24230,-9.2211,-0.038437,0.66977
24232,-9.213,-0.038437,0.68381
24313,-9.2765,-0.035446,0.71107
24316,-9.3259,-0.036346,0.72723
24319,-9.3752,-0.057587,0.72723
24321,-9.3654,-0.11551,0.70853
24324,-9.3249,-0.1342,0.72424
24327,-9.3126,-0.1342,0.7119
24329,-9.2917,-0.1342,0.70807
24333,-9.2322,-0.1342,0.71152
24333,-9.2322,-0.14319,0.74519
24408,-9.2192,-0.15643,0.76247
24409,-9.2531,-0.17162,0.7455
24410,-9.2832,-0.14049,0.72081
24411,-9.2705,-0.11505,0.70807
24411,-9.2705,-0.080032,0.69057
24412,-9.2361,-0.053711,0.72723
24413,-9.2513,-0.047867,0.72723
24414,-9.2513,-0.072556,0.7422
24414,-9.2718,-0.097244,0.72589
24415,-9.2896,-0.123,0.6922
24504,-9.2896,-0.14742,0.68298
24505,-9.3076,-0.17131,0.67097
24506,-9.2792,-0.14034,0.68025
24508,-9.2989,-0.095886,0.65062
24509,-9.3204,-0.065079,0.63521
24510,-9.3243,-0.080338,0.67157
24511,-9.2823,-0.11505,0.68892
24513,-9.2319,-0.12793,0.7018
24513,-9.213,-0.1526,0.68968
24603,-9.2524,-0.15231,0.68788
24603,-9.2911,-0.12389,0.71107
24604,-9.2929,-0.083328,0.73053
24605,-9.2874,-0.0914,0.76553
24605,-9.2471,-0.057587,0.76553
24606,-9.2197,-0.057587,0.7722
24607,-9.232,-0.057587,0.78455
24607,-9.2269,-0.090652,0.78468
24608,-9.213,-0.098297,0.77393
24609,-9.2456,-0.11505,0.73293
24696,-9.2783,-0.1037,0.65419
24697,-9.2732,-0.11505,0.64792
24697,-9.2651,-0.12883,0.69731
24698,-9.2515,-0.13406,0.72723
24699,-9.2705,-0.10938,0.73862
24699,-9.2705,-0.095886,0.75432
24700,-9.2705,-0.079132,0.74638
24700,-9.2099,-0.10217,0.77182
24701,-9.1765,-0.1342,0.7865
24702,-9.1239,-0.19749,0.81302
24793,-9.1161,-0.24911,0.8224
24795,-9.0851,-0.24911,0.80385
24798,-9.0864,-0.23746,0.81552
24799,-9.0961,-0.17834,0.823
24800,-9.1137,-0.19167,0.77751
24801,-9.0981,-0.20993,0.73726
24803,-9.1274,-0.24463,0.69791
24803,-9.1768,-0.22893,0.64853
24804,-9.2237,-0.20015,0.6123
24890,-9.2812,-0.15257,0.59238
24891,-9.3441,-0.081238,0.57401
24892,-9.3622,-0.10397,0.55081
24894,-9.3375,-0.15335,0.53569
24896,-9.2977,-0.18764,0.50548
24897,-9.269,-0.18134,0.48706
24898,-9.2302,-0.16548,0.47823
24899,-9.1687,-0.14079,0.49081
24900,-9.065,-0.097992,0.47928
24901,-8.9946,-0.080475,0.49739
24983,-8.9832,-0.057587,0.49739
24984,-8.9987,-0.042038,0.46626
24986,-9.0176,-0.021225,0.37857
24987,-8.9832,-0.038437,0.29178
24988,-8.9702,-0.025421,0.15802
24990,-8.9455,-0.037842,0.05925
24991,-9.027,-0.024216,-0.029633
24992,-9.119,-0.059387,-0.07901
24993,-9.2005,-0.044724,-0.14441
