35002,-10.518,-1.8293,1.4622
35007,-10.309,-2.4941,2.3106
35038,-10.252,-3.0871,3.053
35041,-10.337,-3.3006,3.7234
35049,-10.491,-2.9549,4.3004
35053,-10.747,-2.1623,4.8035
35069,-11.021,-1.1062,5.1401
35071,-11.316,-0.080673,5.135
35077,-11.358,0.88042,4.6974
35087,-11.304,1.5618,3.8774
35111,-11.409,1.6198,3.2768
35116,-11.546,0.92447,3.3147
35118,-11.584,-0.34409,3.3159
35125,-11.352,-1.8361,2.9769
35154,-11.107,-3.029,1.8663
35161,-11.068,-3.455,0.6364
35162,-10.912,-3.2493,0.3159
35166,-10.671,-2.647,0.66656
35185,-10.275,-1.9544,0.93509
35200,-9.6508,-1.3106,0.20364
35203,-9.2363,-0.90588,-0.98538
35215,-9.106,-0.65186,-2.2179
35228,-9.0715,-0.48936,-2.9971
35244,-9.1756,-0.41716,-3.194
35245,-9.2069,-0.34532,-2.7121
35251,-8.7919,-0.25583,-1.6358
35264,-8.0988,-0.19487,-0.19461
35276,-7.8995,-0.21887,1.0927
35278,-8.0524,-0.21709,1.8665
35286,-8.37,-0.17528,1.9928
35304,-8.6734,-0.036621,1.6481
35323,-8.7797,0.082458,1.2887
35324,-8.7282,0.088486,1.0039
35334,-8.8606,0.0042572,0.75735
35343,-8.723,-0.19524,0.55908
35363,-8.4961,-0.33943,0.34279
35364,-8.1283,-0.45613,0.10051
35370,-7.8427,-0.49725,-0.071976
35385,-7.7847,-0.37381,-0.11713
35394,-7.797,-0.15228,0.13455
35399,-7.7354,0.21382,0.48694
35408,-7.7562,0.56633,0.85257
35426,-7.8809,0.82384,1.1298
35439,-7.8922,1.0218,1.3186
35440,-7.8583,1.1616,1.4065
35462,-7.6645,1.1497,1.5111
35472,-7.6462,0.93542,1.5425
35479,-7.8137,0.70018,1.4172
35479,-7.9249,0.46501,1.3642
35487,-7.9106,0.32549,1.2827
35503,-7.9447,0.26804,1.2305
35520,-8.0933,0.27774,1.3602
35521,-8.2278,0.34544,1.5187
35538,-8.4283,0.40239,1.7839
35544,-8.4557,0.41092,2.0534
35558,-8.4075,0.30223,2.3625
35563,-8.3745,0.1106,2.7127
35579,-8.3087,-0.19691,2.9496
35583,-8.135,-0.40228,2.9354
35595,-8.0566,-0.55003,2.7183
35603,-8.3713,-0.63943,2.3766
35618,-8.6977,-0.52594,1.9121
35624,-9.2802,-0.19153,1.3285
35636,-9.8598,0.32104,0.76787
35643,-10.411,0.88789,0.32304
35661,-10.693,1.3614,0.069962
35663,-11.221,1.7941,0.43002
35679,-11.642,2.1546,1.0502
35684,-11.695,2.3725,1.8893
35705,-11.158,1.7997,3.0157
35708,-10.665,0.79654,4.5934
35719,-10.214,-0.12196,6.2639
35725,-10.205,-0.94299,7.2218
35744,-10.903,-1.7142,7.264
35750,-11.761,-1.9782,6.0951
35762,-12.277,-1.7554,3.3134
35766,-12.354,-1.4026,-0.010834
35789,-12.2,-1.1351,-2.4654
35790,-11.946,-0.97375,-3.1216
35798,-11.681,-0.74698,-2.4783
35803,-11.274,-0.48457,-1.8506
35821,-10.782,-0.34489,-1.9921
35825,-10.558,-0.34489,-2.1267
35835,-10.427,-0.38116,-1.9574
35843,-10.182,-0.50417,-1.3155
35866,-9.6785,-0.75157,-0.3772
35871,-9.0221,-0.93785,0.46257
35876,-8.4978,-1.0456,1.0379
35883,-8.0787,-0.96918,1.3423
35907,-7.7178,-0.6622,1.1257
35912,-7.6353,-0.29326,0.61327
35914,-7.7568,0.10655,0.16057
35923,-7.9536,0.49298,-0.1011
35939,-8.2171,0.75014,-0.24013
35945,-8.2805,0.86987,-0.38368
35958,-8.1066,0.81612,-0.37071
35964,-7.8662,0.60675,-0.25746
35978,-7.6407,0.28893,-0.071991
35985,-7.4716,-0.095169,0.1377
35999,-7.2947,-0.38757,0.40009
36005,-7.0968,-0.56712,0.63974
36018,-7.0257,-0.86523,0.71533
36024,-7.019,-1.1034,0.88339
36042,-7.0835,-1.3226,1.0515
36059,-7.2713,-1.5444,1.2747
36066,-7.5885,-1.8758,1.4479
36068,-7.9892,-2.1501,1.5378
36074,-8.226,-2.3183,1.6993
36089,-8.3864,-2.356,1.8915
36103,-8.3894,-2.2407,1.8722
36106,-8.3802,-2.0061,1.9124
36116,-8.3843,-1.7698,2.0003
36126,-8.3705,-1.5914,2.1241
36138,-8.3365,-1.4995,2.2212
36146,-8.3606,-1.3801,2.1455
36155,-8.456,-1.1311,1.9822
36174,-8.5816,-0.72659,2.0108
36178,-8.8168,-0.30063,2.0969
36186,-9.1287,-0.0081177,2.0866
36195,-9.4261,0.1539,1.9614
36214,-9.7148,0.13104,1.6437
36218,-9.9961,-0.13486,1.4551
36227,-10.084,-0.56439,1.5948
36235,-9.9858,-1.2565,2.0649
36257,-9.888,-2.1476,2.714
36259,-10.128,-2.9857,3.2999
36267,-10.629,-3.4944,3.9247
36274,-11.224,-3.4041,4.5344
36294,-11.55,-2.5752,4.9315
36299,-11.504,-1.2134,5.1727
36307,-11.27,0.10649,5.1822
36316,-11.059,1.136,4.6828
36339,-11.058,1.6575,3.6478
36341,-11.161,1.3203,2.6184
36347,-11.137,0.37924,1.7808
36355,-10.987,-0.78717,1.0772
36390,-10.852,-1.8654,0.32181
36391,-11.057,-2.5583,-0.35535
36395,-11.264,-2.822,-0.65184
36397,-11.288,-2.6944,-0.66779
36418,-10.792,-2.3326,-0.84358
36438,-10.334,-2.003,-1.4676
36442,-9.8513,-1.7139,-2.3058
36444,-9.3212,-1.3521,-3.0086
36458,-8.9748,-0.77261,-2.8642
36462,-8.6728,-0.16206,-2.0071
36467,-8.3637,0.37865,-0.97774
36475,-7.856,0.83376,0.11125
36493,-7.5937,0.96355,1.1717
36502,-7.818,0.73381,1.7177
36507,-8.4054,0.29008,1.8262
36515,-8.987,-0.11607,1.7012
36537,-9.1048,-0.36975,1.4685
36542,-8.9922,-0.62424,1.2287
36547,-8.9933,-0.86314,0.9529
36555,-8.9533,-0.98767,0.52048
36575,-8.3009,-1.0783,0.10324
36583,-7.6083,-1.0957,0.068283
36588,-7.3052,-0.94795,0.31398
36595,-7.2612,-0.60388,0.68077
36613,-7.1475,-0.25154,0.89577
36623,-7.2271,0.17313,1.0159
36629,-7.3806,0.52979,1.0975
36636,-7.3421,0.77139,1.1456
36656,-7.33,0.92253,1.2767
36663,-7.4508,0.922,1.3156
36669,-7.6184,0.86113,1.2178
36676,-7.7511,0.77098,1.0616
36699,-7.7346,0.71213,0.92365
36704,-7.7528,0.76151,0.8613
36709,-7.9682,0.85744,0.99408
36716,-8.3892,0.93533,1.2342
36740,-8.7729,0.97299,1.2865
36745,-9.0285,1.0429,1.2931
36749,-9.0869,1.0262,1.337
36758,-9.006,0.90446,1.6357
36784,-8.7549,0.55446,2.2286
36790,-8.5565,0.11574,3.0571
36793,-8.3191,-0.20981,3.8451
36796,-8.2179,-0.34315,3.9459
36820,-8.4855,-0.34221,3.1678
36825,-9.0698,-0.14804,2.1954
36832,-9.8256,0.21999,1.3827
36837,-10.472,0.51462,0.69505
36862,-10.987,0.93687,-0.021347
36870,-11.472,1.273,-0.37413
36872,-11.986,1.7093,0.18135
36893,-12.198,2.1443,1.7488
36901,-11.257,1.771,3.8867
36905,-10.559,0.77464,6.1888
36912,-10.293,-0.45125,8.3849
36925,-10.581,-1.6582,9.2804
36933,-11.249,-2.4344,8.2686
36948,-11.78,-2.583,5.5313
36951,-12.016,-2.2895,1.6369
36965,-11.732,-1.9021,-1.8923
36974,-11.315,-1.3329,-3.697
36983,-10.776,-0.65639,-3.664
36995,-10.267,0.090439,-2.8255
37006,-9.8433,0.82355,-2.3374
37015,-9.8528,1.266,-2.3834
37024,-10.151,1.2428,-2.448
37034,-10.351,0.76129,-2.1347
37046,-9.8949,0.0020599,-1.4457
37057,-9.3965,-0.71878,-0.44231
37079,-9.0929,-1.2475,0.46658
37081,-8.8759,-1.4108,1.1731
37088,-8.6311,-1.1542,1.6452
37098,-8.5742,-0.60194,1.5454
37107,-8.7387,-0.11717,1.1556
37113,-8.9069,0.32344,0.59485
37131,-9.0457,0.55699,0.040115
37134,-9.0719,0.53516,-0.17401
37154,-8.9186,0.39096,-0.28391
37155,-8.6533,0.14888,-0.22549
37167,-8.1335,-0.18089,0.10551
37174,-7.5944,-0.5242,0.47969
37189,-7.1718,-0.89641,0.92343
37193,-6.8852,-1.2311,1.2879
37208,-6.6566,-1.519,1.3739
37215,-6.5818,-1.7476,1.2973
37224,-6.5698,-1.8678,1.1651
37233,-6.7219,-1.9808,1.2646
37249,-6.9003,-2.033,1.4435
37255,-7.3078,-2.0496,1.5007
37263,-7.6926,-1.9513,1.4757
37288,-7.9847,-1.6729,1.4207
37297,-8.1071,-1.2268,1.4501
37298,-7.9949,-0.76271,1.5776
37303,-7.8862,-0.4178,1.7719
37312,-7.7139,-0.27528,2.0818
37328,-7.6674,-0.3253,2.1958
37336,-7.883,-0.48502,2.1082
37344,-8.2114,-0.70291,1.9143
37353,-8.7198,-0.90785,1.7334
37370,-9.3791,-0.99611,1.5623
37375,-9.9085,-0.97142,1.4112
37384,-10.42,-0.82068,1.4178
37392,-10.571,-0.53242,1.5978
37408,-10.468,-0.35565,2.1371
37415,-10.275,-0.50421,2.9014
37424,-10.083,-0.9399,3.5289
37438,-9.9452,-1.5114,3.7665
37450,-9.849,-2.0516,3.8464
37455,-9.9784,-2.4526,4.0799
37464,-10.318,-2.5259,4.2894
37481,-10.641,-2.0653,4.1431
37489,-10.972,-1.2001,3.7119
37495,-11.23,-0.28,3.3105
37504,-11.454,0.51819,3.0815
37524,-11.775,0.89572,2.9509
37531,-11.801,0.82697,2.7925
37536,-11.507,0.41806,2.7099
37544,-11.065,-0.23802,2.5727
37555,-10.746,-0.95561,1.9553
37568,-10.879,-1.5361,0.8876
37576,-10.774,-2.0017,0.018539
37584,-10.452,-2.2077,-0.64861
37606,-10.051,-2.2209,-1.2688
37609,-9.326,-2.0228,-1.9412
37616,-8.7793,-1.7209,-2.4553
37624,-8.5885,-1.3442,-2.626
37650,-8.5631,-0.8903,-2.3865
37651,-8.6457,-0.36978,-1.872
37656,-8.7353,0.058121,-1.1222
37674,-9.0672,0.48378,-0.28618
37684,-9.2903,0.73033,0.59825
37695,-9.3697,0.76006,1.4543
37696,-9.7062,0.52661,2.0425
37704,-9.9099,0.19295,2.1829
37726,-9.8481,-0.22218,1.826
37737,-9.3993,-0.51611,0.98726
37739,-8.962,-0.80663,0.046509
37748,-8.7131,-1.0089,-0.59451
37767,-8.377,-1.0047,-0.61278
37773,-7.7269,-0.7332,-0.11205
37783,-7.1776,-0.29057,0.58987
37787,-6.935,0.30661,1.1817
37806,-6.8011,0.84979,1.4992
37815,-6.8504,1.2187,1.5574
37818,-7.0369,1.3326,1.4761
37831,-7.2535,1.2925,1.2756
37843,-7.3099,1.116,0.93436
37853,-7.4779,0.91069,0.66187
37857,-7.7144,0.67084,0.67691
37877,-7.9616,0.4305,0.95847
37883,-8.0801,0.22563,1.3605
37893,-8.2378,0.19142,1.5801
37897,-8.3333,0.21492,1.6658
37914,-8.4367,0.26292,1.5994
37922,-8.5328,0.33247,1.534
37933,-8.6073,0.37576,1.6155
37937,-8.5351,0.30371,1.9035
37950,-8.4515,0.066025,2.2462
37963,-8.5579,-0.19545,2.534
37973,-8.6799,-0.35976,2.7298
37979,-8.7886,-0.38319,2.7522
37995,-8.9669,-0.33185,2.6186
38005,-9.1208,-0.039093,2.2297
38015,-9.3748,0.46472,1.6066
38018,-9.7586,1.0666,0.83679
38027,-9.899,1.6104,0.19458
38042,-10.112,2.0423,0.13551
38053,-10.561,2.1545,0.77638
38060,-11.066,1.7152,1.9378
38066,-11.382,0.71811,3.429
38082,-11.225,-0.44823,5.1363
38103,-10.833,-1.5936,6.4604
38113,-10.747,-2.6969,7.0066
38119,-10.981,-3.6857,6.8879
38124,-11.472,-4.1419,5.8355
38132,-11.995,-3.8242,3.2566
38142,-12.13,-3.0514,-0.015671
38150,-11.906,-2.0893,-2.6439
38162,-11.49,-0.99889,-4.1133
38179,-11.027,0.13707,-4.3048
38182,-10.541,1.1038,-3.5049
38190,-10.216,1.8018,-2.4058
38214,-10.037,2.1619,-1.651
38221,-9.7039,2.0591,-1.2138
38224,-9.2725,1.404,-0.8559
38228,-8.8008,0.57056,-0.13034
38243,-8.2453,-0.35927,0.6763
38252,-8.128,-1.1319,1.1745
38262,-8.5498,-1.679,1.2827
38268,-9.0948,-1.8193,1.1877
38290,-9.428,-1.4285,0.73845
38295,-9.5482,-0.75557,-0.04982
38302,-9.5241,-0.112,-0.75064
38315,-9.5174,0.40457,-1.0728
38328,-9.1512,0.79779,-0.9807
38340,-8.582,1.0946,-0.78297
38345,-7.9593,1.3052,-0.52812
38355,-7.4857,1.3371,-0.14731
38363,-7.315,1.1035,0.23311
38373,-7.2695,0.65738,0.63966
38383,-7.2634,0.082687,0.88614
38395,-7.0479,-0.45959,0.99611
38403,-7.0351,-1.0727,1.0257
38414,-7.1007,-1.6066,1.0945
38423,-7.1903,-1.9649,1.2059
38436,-7.5244,-2.1271,1.387
38444,-7.9155,-2.0754,1.5683
38454,-8.2734,-1.7763,1.5976
38464,-8.4707,-1.4491,1.5581
38476,-8.5309,-1.1815,1.4971
38491,-8.6629,-1.0735,1.5875
38497,-8.726,-1.0234,1.7537
38502,-8.6707,-0.93588,1.8507
38516,-8.5143,-0.81456,1.9239
38524,-8.3829,-0.64473,2.081
38535,-8.2191,-0.42697,2.2732
38545,-7.9141,-0.26704,2.417
38563,-7.7299,-0.044846,2.5122
38574,-7.9074,0.08316,2.5001
38580,-8.2526,0.07254,2.2048
38584,-8.8009,-0.090805,1.7388
38603,-9.3893,-0.36813,1.3382
38609,-9.8486,-0.66702,1.119
38614,-10.233,-1.0508,1.0573
38627,-10.493,-1.4353,1.2888
38643,-10.669,-1.8389,1.8741
38661,-11.023,-2.1503,2.6676
38667,-11.155,-2.1011,3.5446
38668,-10.927,-1.6741,4.25
38676,-10.554,-1.0279,4.6167
38685,-10.215,-0.45552,4.7195
38696,-10.112,0.024414,4.4996
38705,-10.409,0.412,4.094
38717,-10.949,0.4321,3.9084
38726,-11.456,-0.052872,3.5237
38734,-11.614,-0.79897,2.3337
38743,-11.572,-1.5241,0.63559
38759,-11.751,-1.9092,-0.75438
38765,-11.878,-1.9085,-1.297
38782,-11.586,-1.5748,-1.3027
38786,-10.868,-1.0471,-1.4616
38799,-10.15,-0.45461,-2.0622
38807,-9.545,-0.014771,-2.5085
38813,-9.262,0.33641,-2.6821
38822,-9.2683,0.54659,-2.4112
38842,-9.4191,0.68941,-1.7151
38846,-9.7031,0.67221,-0.84709
38854,-9.64,0.61082,-0.10936
38865,-9.265,0.57529,0.27705
38881,-9.1022,0.39572,0.35228
38886,-9.2235,0.088089,0.54179
38893,-9.4566,-0.29581,0.9326
38907,-9.556,-0.62462,1.0145
38920,-9.4746,-0.94316,0.80138
38926,-9.1851,-1.1465,0.40199
38935,-8.6284,-1.2348,-0.08873
38942,-8.2025,-1.2074,-0.34305
38961,-7.8246,-0.92755,-0.071564
38966,-7.3107,-0.51152,0.36003
38975,-6.8398,-0.0068359,0.79263
38986,-6.6659,0.5345,1.1285
39000,-6.6081,0.87666,1.1821
39006,-6.6853,0.98636,1.0906
39014,-6.8628,0.87991,0.88411
39033,-7.1094,0.60973,0.70743
39047,-7.4442,0.29893,0.69125
39050,-7.6741,0.12273,0.78404
39058,-7.846,0.076492,0.76553
39072,-7.9162,0.11684,0.88251
39088,-8.1905,0.2074,0.97307
39089,-8.4411,0.28937,1.055
39094,-8.4893,0.41594,1.2117
39115,-8.4903,0.59583,1.6465
39122,-8.6418,0.65674,2.2495
39127,-8.6331,0.63889,2.735
39135,-8.4738,0.52094,2.9375
39151,-8.1665,0.31834,2.7977
39164,-7.9312,0.14421,2.4009
39167,-7.9344,0.0059662,2.0625
39175,-8.1551,-0.0036926,1.8128
39204,-8.4883,0.10219,1.475
39211,-8.9216,0.24712,1.0952
39212,-9.4034,0.48509,0.53629
39216,-9.9547,0.79675,-0.19891
39235,-10.744,1.1923,-0.76842
39243,-11.566,1.5528,-0.96419
39248,-12.231,1.8108,-0.49338
39256,-12.299,1.6484,0.73897
39283,-11.805,0.91757,2.6085
39288,-11.098,-0.12367,5.0632
39288,-10.386,-1.2393,7.6881
39300,-10.124,-2.3961,9.2359
39325,-10.492,-3.2644,9.0726
39333,-11.058,-3.5694,7.6673
39333,-11.525,-3.022,5.1084
39338,-11.848,-2.0745,1.6708
39362,-11.825,-1.1346,-1.469
39371,-11.396,-0.30878,-3.155
39372,-10.785,0.20584,-3.5096
39376,-10.444,0.46123,-3.145
39393,-10.174,0.41347,-2.912
39401,-10.083,0.097382,-2.9801
39414,-10.28,-0.39473,-3.0471
39428,-10.589,-0.95067,-2.5781
39440,-10.416,-1.2847,-1.351
39451,-9.8011,-1.4062,0.27017
39455,-8.8459,-1.354,1.3382
39459,-8.0353,-1.1638,1.8811
39472,-7.8312,-0.85396,1.8306
39481,-8.0492,-0.38962,1.4615
39491,-8.4959,0.081055,0.97783
39505,-8.9226,0.53172,0.521
39516,-9.0669,0.83414,0.15538
39521,-9.0897,0.79688,-0.076263
39531,-8.9202,0.51746,-0.26556
39543,-8.5953,0.041534,-0.4521
39552,-8.1594,-0.46394,-0.52153
39561,-7.8079,-0.93332,-0.3385
39572,-7.553,-1.2874,-0.0021973
39583,-7.3794,-1.5074,0.3524
39594,-7.129,-1.5516,0.67282
39602,-6.8352,-1.5068,0.823
39612,-6.6124,-1.4143,0.823
39620,-6.663,-1.3611,0.823
39632,-7.0403,-1.401,0.86838
39642,-7.5394,-1.5119,1.0126
39652,-7.9975,-1.5939,1.2415
39661,-8.4049,-1.5712,1.3965
39679,-8.6716,-1.5091,1.5265
39683,-8.6387,-1.3508,1.6272
39691,-8.4032,-1.1201,1.7282
39705,-8.1977,-0.86131,1.8577
39713,-8.0909,-0.61604,2.0316
39720,-7.7719,-0.39099,2.2709
39732,-7.457,-0.26689,2.3361
39746,-7.3963,-0.17287,2.1421
39753,-7.6407,-0.21779,1.9844
39768,-8.1527,-0.32764,1.8344
39776,-8.7791,-0.40901,1.7166
39786,-9.2651,-0.48421,1.6836
39794,-9.7418,-0.69284,1.6852
39805,-10.032,-0.99802,1.8427
39813,-10.079,-1.4955,1.9413
39825,-9.8501,-2.0989,2.154
39835,-9.5654,-2.8945,2.4109
39846,-9.6662,-3.7412,2.7872
39851,-10.28,-4.2706,3.2748
39865,-11.112,-4.0479,3.8171
39874,-11.075,-2.6335,3.9672
39889,-10.83,-1.0495,4.3495
39894,-10.685,0.37106,4.8707
39905,-10.555,1.4624,5.0472
39920,-10.649,2.106,4.7953
39924,-10.948,2.2871,4.2659
39933,-11.036,1.8771,3.9374
39951,-10.892,0.72823,3.5182
39955,-10.789,-0.6777,2.4829
39969,-10.657,-1.8279,1.1401
39974,-10.562,-2.4363,0.035965
39991,-10.653,-2.674,-0.28218
39999,-10.44,-2.5499,-0.21666
40003,-10.176,-2.3228,-0.40318
40017,-10.144,-2.1913,-0.93541
40026,-10.273,-2.2144,-1.7575
40034,-10.431,-2.3342,-2.6495
40044,-10.683,-2.4063,-3.4185
40056,-10.05,-2.1432,-3.8594
40067,-9.287,-1.6639,-3.2341
40075,-8.7951,-1.0977,-1.6473
40086,-8.3977,-0.47227,0.3615
40097,-8.1542,0.14224,2.0742
40107,-8.3975,0.6447,2.6826
40148,-8.7656,0.7926,2.4076
40155,-9.114,0.57114,1.7932
40157,-9.3353,0.16422,1.154
40165,-9.5386,-0.254,0.67415
40166,-9.3387,-0.61739,0.37434
40170,-8.7112,-1.0898,0.16559
40173,-8.1902,-1.5079,0.38174
40199,-7.8439,-1.7308,0.88538
40201,-7.5172,-1.6889,1.3125
40203,-7.1526,-1.3422,1.3133
40212,-6.9412,-0.79599,1.211
40232,-7.0176,-0.23404,1.2434
40235,-7.0318,0.27847,1.3294
40248,-7.0899,0.76149,1.3534
40252,-7.1434,1.1157,1.2324
40271,-7.264,1.1987,1.0025
40275,-7.5444,1.1076,0.80248
40284,-7.762,0.91225,0.6539
40293,-7.9431,0.64067,0.70517
40313,-8.3898,0.26193,0.96318
40315,-8.6718,-0.13698,1.3979
40326,-8.712,-0.30426,1.6749
40332,-8.621,-0.38188,1.873
40365,-8.6311,-0.36404,2.0135
40366,-8.7527,-0.3363,2.1519
40370,-8.688,-0.22214,2.3197
40372,-8.4493,-0.13486,2.5825
40392,-8.2135,-0.057587,2.7993
40396,-7.9693,-0.12387,2.9678
40404,-7.7814,-0.2921,2.9348
40430,-7.6622,-0.47961,2.718
40434,-7.8841,-0.68108,2.3088
40436,-8.2299,-0.7271,1.7363
40444,-8.7216,-0.55792,0.99117
40463,-9.4567,-0.22305,0.12366
40472,-10.386,0.23882,-0.40465
40479,-11.309,0.70863,-0.26868
40485,-11.864,0.99992,0.52829
40505,-11.882,0.96913,1.8963
40512,-11.287,0.59064,3.5244
40518,-10.522,-0.081879,5.1015
40525,-10.176,-0.96997,6.2668
40554,-10.465,-2.0097,6.8973
40561,-11.18,-2.927,6.8026
40562,-11.813,-3.3072,5.6809
40566,-12.318,-3.1013,3.3731
40583,-12.751,-2.6165,0.66936
40593,-12.901,-2.0594,-1.494
40598,-12.562,-1.5166,-2.812
40605,-11.94,-1.0263,-3.6363
40629,-11.235,-0.65303,-4.2304
40634,-10.759,-0.41533,-4.4251
40637,-10.265,-0.4646,-4.1011
40645,-9.7928,-0.79279,-2.9083
40666,-9.1487,-1.2803,-1.13
40674,-8.5254,-1.746,0.4313
40682,-8.2018,-2.0722,1.351
40685,-8.4887,-2.2134,1.6104
40705,-8.9577,-1.999,1.5385
40713,-9.5763,-1.5865,1.0986
40721,-10.082,-1.1184,0.41745
40725,-10.126,-0.69594,-0.17538
40746,-9.8339,-0.44858,-0.4603
40753,-9.2918,-0.36404,-0.48865
40765,-8.6432,-0.36404,-0.56085
40771,-8.0255,-0.43109,-0.55846
40782,-7.4947,-0.61865,-0.3632
40791,-6.9894,-0.85188,0.058685
40802,-6.5361,-1.0669,0.52408
40809,-6.2463,-1.3004,0.92303
40825,-6.2993,-1.3903,1.3187
40832,-6.6271,-1.4558,1.6158
40841,-7.0617,-1.4932,1.7424
40848,-7.5486,-1.4959,1.569
40862,-7.9946,-1.5294,1.4429
40872,-8.3467,-1.5054,1.3469
40881,-8.6582,-1.4685,1.3018
40889,-8.8576,-1.3853,1.3195
40908,-9.0473,-1.2734,1.4751
40921,-9.0626,-1.2015,1.5618
40925,-9.0276,-1.1033,1.4987
40934,-9.0215,-0.98349,1.3493
40944,-8.9533,-0.86336,1.2252
40954,-8.8812,-0.76852,1.2675
40967,-8.7825,-0.74712,1.3743
40969,-8.6989,-0.71085,1.4339
40982,-8.5886,-0.62451,1.4436
41001,-8.5166,-0.60255,1.5522
41004,-8.4852,-0.68077,1.8498
41006,-8.6871,-0.8373,2.1542
41024,-9.0219,-1.0059,2.2103
41041,-9.3486,-1.1737,2.2045
41043,-9.5923,-1.3701,2.1776
41055,-9.7276,-1.604,2.2948
41063,-9.9452,-1.8913,2.6534
41084,-9.997,-2.115,2.9768
41086,-9.8097,-2.0936,2.5385
41094,-8.9538,-1.8036,1.8253
41103,-8.3087,-1.5765,1.9583
41121,-8.293,-1.4087,2.9048
41123,-8.4951,-1.2545,4.004
41135,-8.6767,-1.111,4.4047
41143,-8.7731,-0.90848,3.8446
41153,-8.8397,-0.67845,3.1651
41161,-8.8637,-0.54997,2.7295
41176,-9.0482,-0.59767,2.429
41183,-9.8477,-0.95107,2.1786
41198,-11.098,-1.3853,1.8503
41209,-11.548,-1.4386,1.5846
41215,-11.851,-1.2186,1.4775
41223,-11.316,-0.69739,1.749
41233,-9.991,0.023392,2.1543
41249,-8.7355,0.59918,2.3395
41260,-8.3586,0.53465,2.2175
41264,-8.6747,-0.0023804,2.1389
41279,-9.4063,-0.56862,2.0621
41284,-10.229,-1.1831,1.8716
41295,-10.952,-1.6984,1.6948
41305,-11.126,-1.8904,1.4675
41320,-10.703,-1.7694,1.0995
41324,-9.8352,-1.4664,0.69089
41335,-9.2925,-0.98625,0.71823
41348,-8.9661,-0.53236,0.83592
41357,-7.6968,-0.082214,0.95584
41363,-7.1095,0.35081,1.1485
41376,-6.4024,0.73524,0.10263
41386,-6.5971,0.88538,0.35617
41392,-8.1842,0.57513,1.4547
41402,-8.8025,0.5849,1.5417
41421,-9.2189,0.67656,1.0996
41424,-9.2705,0.96082,0.6158
41432,-9.2936,1.1883,0.73656
41448,-9.3746,1.2805,1.4236
41458,-9.6175,1.2073,1.9738
41465,-9.5155,1.0305,2.0695
41480,-9.2257,0.91008,1.8535
41500,-9.4092,0.64644,1.6132
41507,-9.5621,0.3873,1.5497
41508,-9.5418,0.20737,0.95621
41512,-9.7332,0.064392,0.34825
41522,-9.8363,0.091263,0.45857
41542,-9.8071,0.21021,0.60927
41545,-9.6319,0.4005,0.76808
41553,-9.3653,0.61606,0.9975
41564,-8.9771,0.75655,1.2791
41583,-8.5453,0.78517,1.5393
41585,-8.3433,0.80846,1.7082
41594,-8.2564,0.93083,1.7298
41605,-8.1996,1.0991,1.7057
41626,-8.2906,1.1203,1.621
41628,-8.4337,1.0408,1.5971
41633,-8.6911,0.97008,1.6341
41645,-8.808,0.99309,1.7532
41665,-8.935,1.0675,1.7963
41668,-9.0348,1.155,1.7556
41677,-9.0286,1.148,1.7626
41682,-9.1486,1.076,1.8346
41703,-9.4197,1.0573,1.8807
41708,-9.5242,0.90125,1.6478
41714,-9.6975,0.59756,1.4513
41722,-9.8956,0.31595,1.435
41742,-9.9931,0.082291,1.451
41750,-9.8052,-0.082703,1.4271
41754,-9.6097,-0.16159,1.5674
41762,-9.3727,-0.13538,1.7946
41783,-9.2387,-0.062088,2.0549
41791,-8.9183,1.182,-1.1459
41800,-8.3964,4.0569,0.76897
41804,-8.9715,-1.0972,5.4065
41821,-7.5627,-0.48174,0.067978
41826,-7.8932,-1.8392,2.8987
41834,-7.8525,-1.5406,3.5196
41848,-8.75,-0.3484,4.0572
41865,-9.6588,0.038467,4.6965
41866,-10.133,0.30663,3.9897
41875,-10.334,0.50406,2.8663
41894,-10.055,0.7666,1.817
41902,-9.8672,0.88298,1.5609
41918,-9.5506,1.0157,1.6783
41924,-9.1264,1.0342,1.8939
41933,-8.9257,0.93474,2.1258
41941,-8.9682,0.71497,2.1659
41951,-9.1703,0.59131,2.2517
41955,-9.2813,0.51033,2.2787
41974,-9.191,0.39992,2.1608
41983,-9.1117,0.31131,2.0538
41990,-9.0876,0.20882,1.9722
41995,-9.0789,0.20665,2.0484
42011,-9.0723,0.22781,2.1503
42020,-9.015,0.16217,2.2888
42030,-9.1747,0.084946,2.4195
42038,-9.2988,0.10751,2.6564
42050,-9.2309,0.19017,2.8354
42062,-9.2375,0.16614,2.8105
42072,-9.1137,-0.044846,2.5653
42078,-8.9357,-0.033508,2.2296
