35035,-8.6523,2.7633,-0.57907
35036,-7.7813,2.2169,-0.30226
35037,-6.9342,1.4003,0.063599
35038,-6.0625,0.5275,0.63805
35040,-5.3147,-0.14183,1.1171
35041,-4.6802,-0.64897,1.3431
35042,-4.2138,-1.0413,1.4145
35044,-4.1993,-1.2325,1.131
35045,-4.6174,-1.2025,0.76419
35046,-5.1811,-0.94063,0.61272
35138,-5.7965,-0.56651,0.4989
35140,-6.2041,-0.33891,0.50427
35142,-6.6958,-0.31108,0.46358
35147,-7.0828,-0.37781,0.56503
35163,-7.4079,-0.62338,0.90201
35163,-7.6116,-0.90723,1.3249
35164,-7.8289,-1.2183,1.8088
35165,-8.0937,-1.463,2.2619
35166,-8.2962,-1.5843,2.6486
35225,-8.4415,-1.6242,2.873
35226,-8.5556,-1.5917,3.0359
35227,-8.6318,-1.3463,3.1873
35228,-8.7254,-0.89735,3.188
35228,-8.8183,-0.40355,3.0224
35229,-8.9564,0.066147,2.6513
35230,-9.1077,0.47153,2.2284
35230,-9.2191,0.80373,1.9216
35231,-9.4156,1.027,1.7843
35231,-9.5923,0.98375,1.641
35323,-9.8949,0.6779,1.616
35324,-10.168,0.22537,1.7183
35324,-10.511,-0.34639,2.1012
35325,-10.89,-0.82314,2.7566
35326,-11.236,-1.1984,3.392
35327,-11.619,-1.3391,3.7855
35328,-11.859,-1.1344,4.0405
35329,-12.109,-0.56247,4.4321
35329,-12.333,0.356,4.7225
35330,-12.501,1.2512,4.6943
35422,-13.088,2.0496,3.9777
35423,-13.663,2.1511,2.8156
35424,-14.404,1.5513,0.95708
35425,-15.044,0.40749,-1.8159
35426,-14.952,-0.33009,-3.6115
35426,-14.594,-0.63872,-4.488
35427,-12.633,-0.29402,-4.859
35427,-9.2477,0.93286,-4.2584
35428,-7.6376,2.1217,-3.1651
35514,-6.7336,3.3054,-1.3776
35515,-6.6357,3.5744,-0.55606
35515,-7.2529,2.7333,0.14185
35516,-8.3334,1.0871,0.37619
35517,-9.0186,-0.4453,0.30241
35517,-9.7661,-1.8706,0.4483
35518,-10.64,-3.1967,0.86369
35519,-11.752,-4.2747,1.1331
35520,-12.406,-4.7311,1.264
35520,-12.423,-4.3812,1.3085
35613,-10.639,-3.2602,0.99925
35616,-8.9458,-2.5039,1.3635
35620,-7.7265,-1.7582,1.0968
35622,-6.7165,-1.144,0.51775
35624,-5.9451,-0.88419,0.26381
35626,-5.3428,-0.5466,-0.018265
35627,-4.7508,-0.13945,0.21727
35628,-4.4186,0.21295,0.6123
35628,-4.3877,0.27524,0.89241
35705,-4.6638,0.31384,0.82375
35706,-5.1043,0.26382,0.65765
35707,-5.353,0.18782,0.43454
35709,-5.4911,0.1971,0.36047
35710,-5.8183,0.29376,0.37648
35711,-6.131,0.38914,0.46603
35712,-6.431,0.54095,0.5788
35712,-6.8691,0.85161,0.83197
35713,-7.3117,1.1796,1.1441
35714,-7.7464,1.4897,1.57
35805,-8.2477,1.7873,1.8033
35806,-8.8139,1.911,1.7391
35807,-9.4734,1.8778,1.5721
35809,-9.9898,1.5964,1.5474
35811,-10.192,1.1443,1.6861
35812,-10.095,0.56895,1.892
35813,-9.7691,0.030701,2.0267
35815,-9.4316,-0.33142,2.1666
35816,-9.2896,-0.61963,2.2625
35903,-9.3892,-0.98906,2.3278
35904,-9.6622,-1.302,2.2083
35906,-10.055,-1.4928,1.9188
35907,-10.559,-1.5659,1.5149
35909,-11.111,-1.2878,1.235
35910,-11.52,-0.65045,1.2564
35911,-11.788,0.12917,1.5392
35912,-12.06,0.83066,2.211
35913,-12.615,1.0594,3.4206
35914,-13.356,0.93968,4.6393
35995,-14.562,0.43855,5.5674
35999,-15.649,-0.076736,4.9422
36001,-16.174,-0.35312,3.086
36003,-15.896,-0.4272,-0.39325
36006,-14.864,-0.60017,-3.7337
36007,-13.975,-0.74832,-4.1411
36007,-12.601,-1.1752,-3.9606
36009,-11.149,-1.9089,-3.0116
36010,-9.3665,-2.5307,-1.9589
36011,-6.7722,-3.5527,-0.32089
36093,-6.0504,-4.2431,0.60753
36093,-6.2083,-4.8283,1.0864
36094,-7.2381,-4.635,0.48737
36094,-8.4241,-3.6178,-0.51057
36095,-9.55,-2.1166,-1.0011
36096,-10.309,-0.63879,-1.1319
36096,-10.733,0.59422,-1.0732
36097,-10.942,1.4939,-1.0421
36098,-10.677,2.0726,-1.1328
36192,-10.272,2.26,-1.1331
36192,-9.7043,2.234,-1.0594
36193,-9.0376,2.0547,-0.77513
36194,-8.2505,1.7021,-0.41466
36194,-7.4919,1.3071,0.078415
36195,-6.5197,0.94409,0.81508
36196,-5.8659,0.54814,1.4742
36196,-5.41,0.13454,1.932
36197,-5.2731,-0.14827,2.0509
36197,-5.3875,-0.28589,1.9028
36285,-5.581,-0.25751,1.2168
36286,-5.8118,-0.25183,0.46523
36288,-5.8611,-0.25182,-0.25079
36289,-6.1003,-0.37827,-0.6192
36291,-6.3094,-0.50591,-0.60994
36292,-6.4453,-0.64171,-0.48648
36294,-6.65,-0.92429,0.0092773
36295,-6.923,-1.3077,0.81821
36296,-7.1432,-1.6078,1.5173
36384,-7.3849,-1.8006,2.0972
36387,-7.5446,-1.7742,2.3275
36389,-7.8515,-1.5149,2.4967
36391,-8.2218,-1.0871,2.5133
36392,-8.5907,-0.52371,2.5033
36394,-8.8802,-0.097702,2.3242
36396,-9.0541,0.28763,2.1148
36397,-9.1155,0.5218,1.8926
36397,-9.0981,0.55952,1.6933
36398,-9.1466,0.41061,1.5215
36480,-9.3288,0.20554,1.3693
36481,-9.6739,-0.052811,1.3102
36482,-10.094,-0.34909,1.5639
36483,-10.575,-0.76807,2.0698
36486,-11.1,-1.4003,2.5061
36486,-11.485,-1.9083,2.7168
36487,-11.733,-2.0392,2.835
36488,-11.783,-1.6411,3.1969
36489,-11.797,-0.79117,3.8795
36578,-12.1,0.014069,4.3245
36579,-13.036,0.90549,4.2587
36579,-14.095,0.94289,3.4255
36580,-15.001,0.10222,2.1919
36581,-14.47,-0.81117,0.6189
36581,-13.187,-1.085,-0.51125
36582,-12.073,-1.1176,-1.3503
36582,-10.926,-0.82448,-2.4627
36583,-10.179,-0.04921,-2.9467
36584,-9.5311,1.0701,-2.7641
36677,-8.6929,2.2542,-2.3627
36678,-8.0834,2.7365,-2.0693
36679,-7.643,2.8244,-1.8956
36679,-7.7928,2.1136,-1.514
36680,-8.6139,0.90338,-0.81374
36681,-9.7734,-0.27068,-0.11478
36681,-11.224,-1.36,0.55484
36682,-12.474,-2.2071,1.3152
36682,-12.799,-2.7137,2.1733
36683,-12.233,-2.9688,2.7332
36771,-11.471,-3.0216,2.8036
36772,-10.457,-2.8241,2.2187
36773,-9.2477,-2.5281,1.4748
36774,-8.0062,-2.0571,0.59929
36774,-6.9385,-1.445,0.068832
36775,-5.9559,-0.98415,0.29105
36776,-5.2452,-0.45264,0.19901
36776,-4.7959,-0.11549,0.68265
36777,-4.6745,0.11746,1.2047
36866,-4.7361,0.31432,1.3926
36869,-4.8915,0.54515,1.0968
36872,-5.0568,0.75989,0.77797
36874,-5.1309,0.87137,0.58119
36876,-5.2925,0.83006,0.53406
36878,-5.3287,0.83499,0.62787
36880,-5.4288,0.84264,0.73605
36884,-5.7857,0.90248,0.82959
36886,-6.416,1.0654,0.96651
36891,-7.1849,1.3058,1.1512
36967,-7.7262,1.4631,1.2482
36968,-8.1751,1.6375,1.3354
36968,-8.5268,1.6706,1.4872
36969,-8.7737,1.5965,1.6107
36970,-8.8416,1.2972,1.8082
36970,-8.8874,0.78757,1.9447
36971,-8.9021,0.2791,2.1295
36972,-8.9772,-0.21262,2.3882
36972,-9.0575,-0.62022,2.7087
37059,-9.2458,-0.9819,2.9942
37060,-9.5683,-1.1921,3.0831
37061,-10.009,-1.2134,2.9721
37062,-10.465,-0.99852,2.8635
37063,-10.958,-0.60347,2.7647
37064,-11.372,-0.24838,2.6793
37066,-11.661,0.16685,2.624
37066,-11.935,0.39342,2.6881
37067,-12.165,0.38893,3.2232
37068,-12.099,0.23367,3.8092
37153,-12.023,-0.21022,4.6828
37154,-12.278,-0.62172,5.1354
37157,-13.265,-1.1374,5.0111
37157,-14.949,-1.4366,3.8928
37158,-16.111,-1.4196,1.7757
37159,-16.37,-1.3455,0.25729
37159,-15.816,-1.1374,-2.493
37160,-13.897,-1.1167,-4.1987
37160,-11.863,-1.5405,-3.8583
37253,-9.748,-2.1521,-2.9551
37254,-8.387,-2.6032,-1.9956
37255,-6.8062,-3.307,-0.53885
37257,-5.8025,-3.8335,0.76614
37258,-5.7479,-3.7909,1.2136
37259,-6.7685,-2.9689,0.48422
37259,-8.1035,-1.7655,-0.52808
37260,-9.5949,-0.45773,-1.3351
37260,-10.842,0.83545,-1.6468
37261,-11.676,1.9793,-1.5798
37349,-12.144,2.9583,-1.5676
37350,-11.832,3.4649,-1.8229
37351,-10.866,3.2397,-1.7879
37351,-9.7589,2.6143,-1.5712
37352,-8.667,1.9437,-1.279
37353,-7.4027,1.3313,-0.78261
37353,-6.3338,0.8974,-0.32787
37354,-5.3709,0.57687,0.33878
37355,-4.6615,0.28059,0.87868
37356,-4.3852,0.13464,1.0997
37441,-4.2741,-0.10861,1.4204
37443,-4.5934,-0.20364,1.4156
37444,-5.2799,-0.20499,1.2941
37446,-6.1089,-0.12343,1.1729
37447,-6.5789,-0.089767,1.0391
37448,-6.8505,-0.11446,0.94031
37449,-7.3482,-0.34608,0.88541
37451,-7.7612,-0.60646,0.93105
37452,-8.0515,-0.98415,1.0371
37541,-8.3769,-1.3452,1.2543
37542,-8.5566,-1.5496,1.5357
37543,-8.7518,-1.6955,1.8926
37544,-8.8867,-1.8,2.2383
37546,-8.9556,-1.6892,2.4888
37547,-8.9723,-1.3768,2.607
37548,-8.8488,-0.94884,2.6564
37549,-8.6511,-0.46402,2.6312
37550,-8.4289,-0.1761,2.5241
37551,-8.2943,0.092941,2.4075
37636,-8.334,0.38594,2.238
37637,-8.5361,0.61533,2.0229
37638,-8.8665,0.74268,1.7172
37639,-9.2875,0.73221,1.4223
37640,-9.767,0.40628,1.4497
37641,-10.213,-0.1987,1.776
37642,-10.736,-0.95781,2.317
37642,-11.117,-1.7235,2.964
37643,-11.355,-2.2528,3.4013
37732,-11.508,-2.4844,3.7133
37733,-11.796,-2.0891,4.0959
37735,-12.366,-1.0426,4.252
37736,-13.45,0.00016785,3.9522
37737,-14.615,0.52855,3.1078
37738,-14.958,0.55293,2.3296
37738,-14.857,0.47662,1.1197
37739,-13.588,0.42664,-1.5826
37740,-12.034,0.54724,-3.6769
37740,-11.16,0.7435,-3.3643
37831,-10.835,1.2546,-2.1514
37831,-10.49,1.9326,-1.1866
37832,-9.8526,2.4707,-0.63925
37833,-8.7797,2.2696,-0.79547
37833,-7.6447,1.3875,-1.0409
37834,-7.063,0.3988,-1.0924
37835,-7.402,-0.2415,-0.98328
37835,-8.5175,-0.74113,-0.77992
37836,-10.024,-1.0801,-0.43874
37837,-11.38,-1.1667,0.30322
37924,-11.971,-1.1188,1.2969
37925,-11.66,-1.0201,2.0261
37926,-10.744,-1.0335,2.145
37926,-9.9504,-1.2679,1.7122
37927,-9.0647,-1.5217,1.1193
37927,-8.0524,-1.703,0.6219
37928,-7.28,-1.7673,0.27518
37928,-6.7368,-1.7763,0.38158
37930,-6.3468,-1.6333,0.36758
38022,-6.07,-1.403,0.29996
38022,-5.8032,-1.1378,0.47404
38023,-5.7301,-0.87132,0.90141
38023,-5.8625,-0.53374,1.1973
38024,-5.9377,-0.23238,1.4347
38025,-5.9804,0.089493,1.5061
38026,-6.1601,0.38953,1.5305
38026,-6.2447,0.63687,1.6292
38027,-6.3112,0.88452,1.6921
38028,-6.5269,1.087,1.6933
38120,-6.8128,1.2341,1.6173
38121,-7.1857,1.3126,1.4501
38123,-7.473,1.3059,1.2594
38124,-7.7301,1.1287,1.1242
38125,-7.9342,0.94589,1.1313
38127,-8.0705,0.65063,1.1678
38127,-8.1596,0.45238,1.1319
38128,-8.1596,0.31456,1.2153
38129,-8.2428,0.10756,1.4656
38213,-8.2891,-0.077652,1.6813
38215,-8.4475,-0.27725,1.8896
38216,-8.8596,-0.41043,1.9736
38217,-9.4096,-0.53793,1.9776
38219,-10.027,-0.5499,1.9034
38220,-10.398,-0.4646,1.7957
38221,-10.707,-0.33546,1.6737
38222,-11.23,0.025009,1.5799
38223,-11.693,0.44176,1.6816
38225,-12.018,0.68941,1.9745
38311,-12.222,0.55563,2.704
38312,-12.239,0.20218,3.4958
38312,-12.331,-0.36525,4.4897
38313,-12.972,-1.0153,5.0943
38314,-14.149,-1.4117,4.8774
38316,-15.509,-1.3448,4.0417
38317,-16.042,-0.90274,2.0431
38317,-15.78,-0.68666,-0.88347
38318,-14.563,-1.0992,-2.6252
38409,-12.531,-1.858,-2.5844
38409,-10.835,-2.5079,-2.5829
38410,-8.909,-3.2886,-2.3661
38410,-7.2767,-4.1201,-1.6267
38411,-6.7655,-4.7113,-0.99451
38412,-7.6132,-4.8924,-0.73936
38412,-8.6749,-4.3725,-0.81104
38413,-9.6785,-3.0156,-0.97833
38414,-10.568,-1.2152,-1.0298
38414,-11.168,0.4756,-0.8168
38502,-11.709,2.1062,-0.8443
38503,-11.347,2.9741,-1.2067
38504,-10.525,3.3116,-1.4769
38505,-9.8487,3.162,-1.6138
38506,-9.2025,2.7888,-1.4886
38507,-8.7705,2.4802,-1.2417
38508,-8.1458,2.084,-0.85474
38509,-7.1687,1.6418,-0.2083
38510,-6.1879,1.1275,0.31662
38511,-5.2007,0.43959,0.80978
38601,-4.8284,0.078033,1.0187
38602,-4.4013,-0.31392,1.2796
38603,-4.3552,-0.467,1.1857
38604,-4.4782,-0.4688,1.0134
38605,-4.7676,-0.35239,0.79816
38606,-5.1586,-0.10892,0.69296
38607,-5.4589,0.10522,0.7368
38608,-5.8197,0.092651,0.93179
38608,-6.1668,-0.11255,1.0887
38701,-6.4406,-0.39339,1.4021
38702,-6.7015,-0.77525,1.8028
38703,-7.1245,-1.2444,2.2407
38705,-7.4832,-1.6967,2.7853
38706,-7.967,-1.9182,3.1943
38706,-8.4517,-1.8796,3.4063
38707,-8.9607,-1.4646,3.5045
38708,-9.3902,-0.84738,3.4222
38708,-9.7201,-0.29521,3.0855
38709,-9.8474,0.12624,2.6886
38794,-9.8253,0.54726,2.1515
38795,-9.7266,0.74178,1.7804
38796,-9.7239,0.8172,1.5088
38797,-9.9121,0.79475,1.3042
38798,-10.133,0.68806,1.1711
38799,-10.195,0.56461,1.1217
38799,-10.38,0.17509,1.3574
38800,-10.769,-0.49872,1.9722
38801,-11.073,-1.1051,2.7732
38891,-11.239,-1.6615,3.594
38892,-11.309,-1.7835,3.9331
38893,-11.459,-1.5097,4.3197
38894,-11.95,-0.79636,4.5927
38895,-12.769,-0.072556,4.6684
38896,-13.759,0.1564,4.2222
38897,-14.303,-0.18509,3.3716
38897,-13.435,-0.78677,2.0134
38898,-11.747,-1.0859,0.19962
38899,-10.853,-1.0924,-1.3571
38987,-10.353,-0.69679,-1.8215
38990,-9.9105,0.13304,-1.6043
38991,-9.5401,1.3424,-1.4629
38991,-9.1225,2.289,-1.378
38992,-8.5839,2.8562,-1.4108
38993,-8.2404,2.9887,-1.503
38994,-8.3086,2.5748,-1.1756
38994,-8.9505,1.7798,-0.60275
38995,-10.188,0.82149,-0.32339
39082,-11.365,-0.034607,-0.24516
39083,-12.639,-1.0877,0.26785
39083,-12.87,-1.6779,0.97414
39084,-11.848,-1.6839,1.3737
39085,-10.845,-1.5701,1.4447
39086,-10.214,-1.5019,1.3289
39086,-9.735,-1.4509,1.2022
39087,-8.909,-1.4055,0.82779
39087,-7.8682,-1.4429,0.45969
39088,-6.9816,-1.5836,0.51027
39181,-6.2095,-1.4672,0.23199
39182,-5.7737,-1.2493,0.21727
39182,-5.4079,-0.99567,0.73352
39183,-5.1887,-0.66243,1.2971
39184,-5.1563,-0.38724,1.6616
39185,-5.1465,-0.18808,1.9447
39186,-5.246,0.09024,2.0479
39186,-5.3808,0.4006,1.9468
39187,-5.6418,0.61906,1.834
39188,-5.9281,0.67026,1.6156
39278,-6.3398,0.63702,1.3096
39279,-6.6859,0.69449,1.0214
39279,-7.0095,0.83665,0.7226
39280,-7.47,1.0533,0.42078
39280,-7.9008,1.2755,0.28371
39281,-8.3589,1.4756,0.22923
39281,-8.7535,1.6318,0.29568
39281,-8.9862,1.6573,0.46687
39282,-8.9763,1.5762,0.72311
39374,-8.8196,1.4658,1.1384
39374,-8.7168,1.2604,1.6337
39375,-8.8934,1.0509,1.9495
39376,-9.3823,0.75793,2.1602
39377,-9.9843,0.34404,2.3406
39377,-10.296,0.13686,2.3892
39378,-10.702,-0.11566,2.4128
39379,-11.348,-0.34087,2.3837
39379,-12.112,-0.38141,2.3107
39380,-12.9,-0.26552,2.1333
39471,-13.319,0.043594,2.0733
39473,-13.318,0.41408,2.2781
39474,-13.162,0.70496,3.1933
39476,-13.177,0.7283,4.2747
39477,-13.643,0.50984,4.6795
39477,-14.772,0.25591,3.922
39478,-15.688,0.0681,1.9297
39478,-15.611,-0.10518,-0.58928
39479,-14.973,-0.53163,-2.3625
39563,-13.368,-1.1324,-2.3249
39565,-11.693,-1.6039,-1.9025
39568,-9.8841,-1.9435,-1.5507
39569,-7.8968,-2.3955,-1.2103
39571,-6.574,-2.9021,-0.9734
39572,-5.7752,-3.1674,-0.72754
39573,-5.1697,-3.0147,-0.67099
39574,-5.2722,-2.4614,-0.94392
39575,-6.1121,-1.5968,-1.3798
39576,-6.854,-0.76292,-1.4352
39663,-7.7807,-0.090363,-0.98328
39664,-8.6618,0.19679,-0.48543
39666,-9.5126,0.59767,-0.17972
39667,-10.277,1.1611,0.016449
39668,-10.722,1.743,0.062912
39668,-10.882,2.0146,0.0011902
39669,-10.888,2.3677,-0.084991
39670,-10.609,2.4985,-0.35045
39671,-10.288,2.1858,-0.45744
39761,-9.4799,1.536,-0.22365
39763,-8.8053,1.03,0.0026855
39764,-7.9145,0.4012,0.50607
39766,-7.167,0.026352,0.84274
39767,-6.6345,-0.19406,1.1055
39769,-6.4963,-0.27457,1.2635
39770,-6.5818,-0.31526,1.1854
39771,-6.6656,-0.33997,1.0059
39772,-6.6859,-0.36404,0.82181
39773,-6.741,-0.37004,0.7907
39853,-6.838,-0.41768,0.81534
39854,-6.9279,-0.5267,0.87463
39855,-7.1001,-0.73753,1.0648
39856,-7.295,-0.93506,1.4379
39856,-7.4578,-1.0739,1.9162
39857,-7.5296,-1.1121,2.3135
39857,-7.5395,-1.117,2.6246
39858,-7.465,-1.0676,2.7122
39858,-7.3626,-0.94763,2.7722
39859,-7.3551,-0.78598,2.7427
39950,-7.5371,-0.42151,2.566
39951,-7.8046,-0.11415,2.3685
39952,-8.1216,0.22702,2.1871
39952,-8.4285,0.49158,1.9613
39953,-8.6372,0.66934,1.8073
39954,-8.7854,0.78046,1.6715
39954,-9.0888,0.73578,1.3617
39955,-9.5193,0.30379,1.2243
39956,-10.1,-0.45622,1.2528
40051,-10.693,-1.3237,1.481
40054,-10.954,-1.6123,1.7397
40056,-11.188,-1.4911,2.1621
40057,-11.392,-0.97218,2.724
40059,-11.691,-0.18134,3.4568
40060,-12.142,0.70078,4.2715
40061,-12.684,1.3801,4.9582
40063,-13.384,1.58,4.795
40064,-14.093,1.2282,3.4539
40066,-14.487,0.74686,1.6913
40173,-14.386,0.2139,0.1425
40175,-13.646,0.0298,-0.91699
40176,-12.82,0.12288,-1.4207
40176,-12.343,0.28748,-1.1902
40177,-11.692,0.57104,-1.0144
40178,-10.24,1.0569,-1.4946
40178,-8.427,1.5336,-2.3125
40179,-6.8835,1.7812,-3.0676
40179,-6.1042,1.7478,-3.1183
40243,-6.1698,1.5098,-2.454
40243,-7.085,0.80746,-0.94093
40244,-8.1551,-0.054596,0.075714
40244,-9.4143,-0.85875,0.6593
40245,-10.329,-1.4845,1.0193
40246,-10.577,-1.6993,1.2006
40247,-10.713,-1.8069,1.3333
40247,-10.599,-1.7133,1.4212
40248,-10.062,-1.4217,1.3839
40248,-9.4869,-1.1714,1.3239
40338,-8.9052,-0.94791,1.0779
40339,-8.4336,-0.82628,0.7627
40340,-7.9489,-0.80458,0.46866
40341,-7.5808,-0.82478,0.31154
40342,-7.2722,-0.87431,0.33578
40343,-7.0937,-0.95242,0.70166
40344,-6.9786,-0.84769,0.92656
40345,-6.9824,-0.65988,1.237
40346,-7.0906,-0.44125,1.5616
40346,-7.1822,-0.17415,1.7794
40434,-7.1995,0.31352,1.9052
40434,-7.189,0.74596,1.9403
40435,-7.2019,1.0261,1.9339
40436,-7.235,1.2007,1.8585
40436,-7.309,1.3634,1.6304
40437,-7.3674,1.4801,1.296
40438,-7.4635,1.5705,0.89363
40438,-7.5963,1.5552,0.68892
40439,-7.6516,1.468,0.7439
40533,-7.6432,1.2696,1.0241
40535,-7.6322,1.0407,1.3782
40537,-7.5616,0.78322,1.7698
40538,-7.5113,0.54396,2.0764
40540,-7.5581,0.28851,2.3718
40541,-7.6692,0.11568,2.5323
40541,-7.9233,-0.1797,2.686
40542,-8.4086,-0.59389,2.7575
40542,-8.9794,-1.0051,2.5928
40543,-9.7317,-1.2397,2.2423
40628,-10.411,-1.2131,1.7369
40629,-11.013,-0.83751,1.2085
40629,-11.456,-0.30196,1.006
40630,-11.753,0.23779,1.1642
40630,-11.875,0.53528,1.7425
40631,-11.869,0.42604,2.8461
40632,-11.822,0.060623,4.0345
40632,-11.901,-0.45204,4.9997
40633,-12.375,-1.0443,5.4451
40729,-13.191,-1.4585,5.3043
40730,-14.223,-1.3484,4.1949
40731,-14.822,-0.69296,1.9812
40733,-14.626,0.17345,-0.88721
40734,-13.807,0.49069,-3.0532
40736,-12.609,0.1302,-3.7858
40736,-11.351,-0.66093,-3.8035
40737,-9.6655,-1.4793,-3.1292
40738,-7.7801,-2.3285,-1.8633
40738,-6.8001,-2.8897,-0.93079
40826,-6.5656,-3.6016,0.28101
40827,-7.5299,-3.7734,0.52538
40827,-8.8228,-3.3963,-0.1682
40828,-10.06,-2.2941,-0.82062
40829,-10.938,-1.2176,-0.93419
40830,-11.469,-0.52626,-0.92184
40830,-12.355,0.61398,-1.1708
40831,-12.458,1.8446,-2.0589
40832,-12.11,2.6006,-3.0562
40919,-11.66,2.7556,-3.4698
40920,-11.061,2.5234,-3.0556
40923,-10.212,1.9797,-2.1026
40924,-9.2681,1.232,-0.88046
40926,-8.2061,0.54875,0.076904
40927,-7.2432,0.093842,0.67995
40927,-6.3735,-0.18329,1.1585
40928,-5.7342,-0.32423,1.6218
40928,-5.3124,-0.45818,1.9044
40929,-5.0852,-0.6208,1.9924
41011,-5.1423,-0.73701,1.7952
41011,-5.3733,-0.72258,1.3494
41012,-5.8424,-0.63205,0.74863
41012,-6.2646,-0.51428,0.30466
41013,-6.688,-0.47926,0.19182
41014,-7.2085,-0.54002,0.38547
41015,-7.6866,-0.61633,0.7648
41016,-8.1213,-0.73276,1.2348
41017,-8.3763,-0.83212,1.6718
41017,-8.5738,-0.89796,1.8693
41109,-8.7554,-0.97966,1.9716
41110,-9.0197,-1.035,1.9752
41111,-8.9272,-1.0475,2.1109
41112,-8.7791,-1.0111,2.2371
41113,-8.5277,-0.85844,2.4488
41114,-8.2458,-0.52806,2.8066
41117,-8.0848,-0.19795,3.2849
41119,-8.0886,0.13306,3.7493
41121,-8.2294,0.43361,3.9123
41203,-8.4993,0.66226,3.5173
41204,-8.7647,0.80043,2.9161
41206,-9.0786,0.98389,2.2248
41206,-9.326,1.0714,1.6556
41207,-9.5674,0.9001,1.3784
41207,-9.8541,0.53229,1.2525
41208,-10.212,0.014221,1.3078
41209,-10.555,-0.31752,1.3574
41209,-10.814,-0.41493,1.2204
41210,-10.925,-0.36073,1.1526
41304,-10.574,0.027695,1.7068
41306,-10.046,0.4868,2.7599
41310,-9.5961,0.83784,3.8828
41311,-9.4276,1.0611,4.7634
41312,-9.5219,1.1299,5.0111
41313,-9.7194,1.1299,4.8629
41314,-10.232,1.0372,4.2695
41314,-10.701,0.87975,3.5331
41316,-11.171,0.65079,2.7393
41401,-11.187,0.2771,1.7052
41401,-10.839,-0.014496,1.388
41402,-10.166,-0.28879,1.2107
41403,-9.2142,-0.34489,1.608
41403,-8.2609,-0.34489,2.4457
41404,-8.0578,-0.43468,2.9245
41404,-8.2715,-0.5719,2.5175
41405,-8.6172,-0.6295,1.1842
41406,-8.6576,-0.42001,-0.30945
41407,-8.5813,0.056213,-1.14
41492,-8.4464,0.62494,-0.52196
41493,-8.6647,1.0369,1.0941
41493,-9.339,1.1832,2.787
41494,-10.277,0.99347,3.705
41494,-10.979,0.46045,3.7839
41495,-11.235,-0.24225,3.2492
41496,-11.36,-0.87357,2.3602
41496,-11.397,-1.3696,1.2923
41497,-11.427,-1.6072,0.51349
41591,-11.163,-1.523,0.43378
41591,-10.603,-1.0572,0.61111
41592,-9.7601,-0.42989,0.89543
41593,-8.7873,0.16672,1.1781
41593,-7.9016,0.61728,1.4805
41594,-7.3732,0.85924,1.641
41595,-7.0427,0.98389,1.734
41596,-6.5242,1.1388,1.9831
41597,-6.1775,1.238,2.3409
41597,-6.1293,1.2092,2.736
41689,-6.4711,0.99377,3.0415
41692,-6.8413,0.82228,3.054
41693,-7.476,0.59422,2.9188
41693,-8.1465,0.33311,2.7444
41694,-8.7845,0.20338,2.5612
41695,-9.2633,0.19142,2.3622
41696,-9.5123,0.26443,2.1335
41697,-9.5439,0.50534,2.0442
41697,-9.4494,0.83066,2.05
41698,-9.3182,1.111,2.1716
41783,-9.3235,1.2619,2.2446
41784,-9.5421,1.2143,2.2863
41785,-9.8235,0.99706,2.3637
41786,-10.07,0.61996,2.3375
41787,-10.342,0.35242,1.7891
41787,-10.496,0.17241,0.91084
41788,-10.254,-0.16293,0.41838
41789,-9.502,-0.48526,0.67711
41789,-8.7328,-0.69646,1.4765
41884,-8.2752,-0.79716,2.4063
41886,-8.1213,-0.86203,3.3321
41887,-8.2094,-0.87013,3.9408
41888,-8.4316,-0.76538,4.2575
41889,-8.604,-0.50949,4.2566
41889,-8.5528,-0.3793,4.1851
41890,-8.4361,-0.21277,4.0342
41891,-8.2948,0.10103,3.7239
41891,-8.4153,0.4458,3.2848
41892,-8.8874,0.72066,2.7192
41978,-9.2657,0.83464,2.2997
41981,-9.5347,0.86179,1.9803
41983,-9.7611,0.75075,1.7895
41985,-9.9564,0.4859,1.6975
41987,-10.046,0.17511,1.6031
41989,-9.9711,-0.16144,1.59
41990,-9.7103,-0.33861,1.634
41993,-9.304,-0.35208,1.7807
41995,-8.8771,-0.27487,2.0833
42071,-8.4906,-0.13936,2.4072
42072,-8.2565,0.0086975,2.746
42073,-8.1488,0.08725,3.0221
42075,-8.1663,0.092941,3.1843
42076,-8.2966,0.0298,3.2486
42077,-8.482,-0.08139,3.1494
42077,-8.7761,-0.16891,2.9945
42078,-9.0884,-0.2195,2.8551
42079,-9.36,-0.26888,2.7662
42079,-9.534,-0.31142,2.7264
42173,-9.6518,-0.36945,2.7402
42175,-9.5977,-0.43617,2.7648
42176,-9.4228,-0.45981,2.8281
42177,-9.1454,-0.44142,2.8717
42177,-8.8563,-0.39757,2.9562
42178,-8.6958,-0.37288,2.9933
42178,-8.5115,-0.34819,3.0382
42179,-8.3849,-0.32124,3.0707
42180,-8.3589,-0.29521,3.0592
42267,-8.6221,1.3314,-0.36583
42267,-9.3763,0.81064,1.7171
42268,-8.9538,-1.179,2.1361
42269,-9.2645,-1.056,2.5432
42269,-9.2244,-0.59613,3.0454
42270,-8.806,-0.43019,3.6137
42271,-8.5591,-0.10921,3.6631
42272,-8.5809,0.24168,3.6883
42273,-8.4072,0.34525,3.8102
42274,-8.2362,0.40956,3.6684
42360,-8.3048,0.32578,3.4934
42361,-8.5355,0.18661,3.4638
42363,-8.8454,-0.0793,3.4345
42364,-9.0649,-0.33951,3.3618
42365,-9.1457,-0.47343,3.3655
42366,-9.1196,-0.53822,3.45
42367,-9.1877,-0.65524,3.598
42368,-9.0697,-0.94884,3.8786
42368,-8.727,-1.2257,4.3447
42369,-8.4021,-0.91684,4.5411
