25000,-7.7751,0.22972,4.5789
25001,-7.8735,0.19142,4.572
25001,-7.9685,0.19916,4.5115
25095,-8.0543,0.21057,4.3423
25096,-8.074,0.21057,4.1162
25097,-8.1323,0.1944,3.9268
25097,-8.1349,0.18587,3.7812
25098,-8.1021,0.17226,3.6386
25099,-8.0404,0.1846,3.5398
25099,-7.9621,0.16927,3.4079
25100,-7.8467,0.13649,3.2516
25101,-7.7897,0.098633,3.1316
25101,-7.7454,0.12672,3.0354
25190,-7.723,0.14914,2.9609
25191,-7.7177,0.1353,2.9107
25192,-7.6496,0.20937,2.9167
25192,-7.6233,0.28343,2.9529
25193,-7.6574,0.34045,3.1047
25194,-7.7657,0.39177,3.1946
25194,-7.9633,0.29077,3.0801
25195,-8.1608,0.084564,2.765
25196,-8.3622,-0.23848,2.3468
25286,-8.6628,-0.4899,2.1125
25288,-9.0622,-0.74713,1.9076
25289,-9.5282,-0.80458,1.5772
25290,-9.8152,-0.64297,1.1438
25291,-10.177,-0.37497,0.79591
25292,-10.527,-0.077942,0.50937
25293,-10.554,0.10506,0.2282
25294,-10.554,0.22282,-0.12152
25295,-10.641,0.14847,-0.36812
25296,-10.867,0.063721,-0.63905
25381,-11.189,-0.054001,-1.4419
25382,-11.614,-0.21201,-2.3604
25383,-11.833,-0.29536,-3.6564
25385,-11.893,-0.30479,-5.029
25386,-11.846,-0.28011,-6.2364
25386,-11.747,-0.2554,-6.8537
25387,-11.52,-0.1571,-7.7839
25388,-11.516,-0.14378,-8.3037
25388,-11.728,-0.23447,-8.3854
25480,-11.905,-0.55522,-7.978
25480,-12.059,-0.85292,-7.5102
25481,-12.159,-1.1661,-6.9085
25482,-12.169,-1.4091,-6.4338
25482,-12.068,-1.3992,-6.1519
25483,-11.837,-1.2415,-5.98
25484,-11.501,-1.0117,-5.9167
25484,-11.048,-0.72377,-5.8673
25485,-10.585,-0.44365,-5.7853
25486,-10.169,-0.32225,-5.6096
25591,-9.8144,-0.28743,-5.4374
25592,-9.5376,-0.28774,-5.4221
25592,-9.3818,-0.33142,-5.6177
25593,-9.3279,-0.34489,-5.9454
25594,-9.3279,-0.34489,-6.3069
25595,-9.3851,-0.24599,-6.6146
25595,-9.5072,-0.2213,-6.7687
25596,-9.5671,-0.18239,-6.7717
25597,-9.6182,-0.13588,-6.781
25597,-9.7387,-0.20477,-6.781
25669,-9.9992,-0.3075,-6.6418
25670,-10.157,-0.39651,-6.4518
25671,-10.228,-0.49333,-6.283
25671,-10.201,-0.58296,-6.21
25672,-10.105,-0.63504,-6.0564
25673,-9.9847,-0.67365,-5.9194
25674,-9.644,-0.72797,-5.5145
25675,-9.2247,-0.71585,-5.1939
25676,-8.7273,-0.67351,-4.8483
25768,-8.2739,-0.54758,-4.5814
25769,-7.9297,-0.45982,-4.4059
25769,-7.6143,-0.40639,-4.284
25770,-7.4198,-0.38319,-4.1922
25771,-7.2222,-0.38319,-4.1429
25771,-7.0121,-0.40834,-4.1186
25772,-6.8443,-0.45772,-4.1186
25772,-6.6476,-0.5116,-4.086
25773,-6.5589,-0.58566,-3.9919
25774,-6.5176,-0.69633,-3.8768
25862,-6.5182,-0.74518,-3.8294
25863,-6.6072,-0.71301,-3.8122
25864,-6.7046,-0.66362,-3.7731
25864,-6.7787,-0.55858,-3.7547
25865,-6.8676,-0.4839,-3.6435
25866,-6.9529,-0.46671,-3.544
25866,-7.0169,-0.42465,-3.56
25867,-7.2067,-0.41434,-3.6709
25868,-7.2619,-0.35863,-3.7764
25960,-7.3254,-0.33629,-3.8657
25961,-7.393,-0.30673,-3.965
25962,-7.3036,-0.20842,-3.963
25964,-7.1883,-0.14244,-3.8096
25965,-7.1307,-0.15067,-3.6039
25966,-7.1033,-0.17535,-3.4613
25967,-7.0702,-0.25032,-3.2376
25967,-7.0069,-0.36749,-2.8425
25968,-7.0098,-0.53793,-2.4687
25969,-6.9865,-0.65395,-2.2555
26061,-7.0736,-0.63908,-2.1335
26065,-7.1907,-0.57924,-2.1751
26066,-7.2118,-0.52327,-2.1518
26066,-7.2593,-0.45099,-2.0266
26067,-7.2737,-0.41193,-1.9255
26067,-7.2225,-0.38319,-1.8946
26068,-7.2593,-0.38948,-1.8142
26068,-7.2121,-0.39053,-1.7155
26069,-7.1307,-0.38319,-1.6167
26150,-7.1402,-0.38319,-1.5691
26151,-7.04,-0.38319,-1.57
26152,-6.9363,-0.36839,-1.6243
26152,-6.8775,-0.40474,-1.5676
26153,-6.882,-0.46086,-1.5003
26153,-6.8694,-0.49812,-1.4632
26154,-6.9297,-0.53374,-1.5275
26154,-6.9529,-0.63219,-1.4904
26155,-7.0307,-0.57384,-1.4754
26156,-7.1982,-0.49683,-1.4652
26248,-7.3615,-0.44879,-1.4714
26249,-7.4892,-0.38081,-1.5233
26249,-7.5909,-0.30675,-1.5585
26249,-7.8798,-0.28743,-1.552
26250,-8.1525,-0.13943,-1.5921
26250,-8.5534,-0.075546,-1.3976
26250,-8.6365,-0.073303,-1.2383
26251,-9.0834,-0.12344,-0.90979
26251,-8.9946,-0.22983,-0.58704
26252,-9.2454,-0.3662,-0.224
26346,-9.6087,-0.55211,-0.13545
26346,-9.3908,-0.72528,-0.0811
26347,-8.9495,-0.88748,-0.0070496
26347,-8.5594,-0.9225,0.11552
26348,-8.6615,-0.90933,0.096512
26348,-8.5376,-0.83481,-0.0036011
26349,-8.4499,-0.72841,0.073013
26349,-8.3511,-0.55557,0.21008
26350,-8.3941,-0.42189,0.3817
26439,-8.3993,-0.34544,0.53461
26440,-8.4559,-0.29253,0.65706
26441,-8.4971,-0.25931,0.66678
26443,-8.613,-0.22787,0.65915
26444,-8.747,-0.2632,0.62758
26445,-8.8019,-0.27809,0.59271
26446,-8.8419,-0.29941,0.58
26446,-8.8913,-0.33726,0.6162
26447,-8.9407,-0.36195,0.64853
26447,-8.9832,-0.37057,0.8047
26538,-8.9954,-0.4077,0.91719
26539,-8.9878,-0.407,1.0105
26539,-8.944,-0.40234,1.0911
26539,-8.9193,-0.39592,1.0719
26540,-8.9185,-0.37123,1.0337
26540,-8.9782,-0.32903,1.0337
26541,-9.0254,-0.2605,1.0606
26541,-9.0595,-0.22997,1.1477
26541,-9.064,-0.22997,1.2809
26636,-9.0632,-0.19855,1.3868
26637,-9.0858,-0.23686,1.547
26637,-9.0981,-0.27397,1.658
26637,-9.0622,-0.28743,1.7208
26638,-9.092,-0.29178,1.7449
26638,-9.166,-0.32634,1.8387
26639,-9.2093,-0.34489,1.8111
26639,-9.2896,-0.21022,1.4892
26640,-9.2823,0.032043,1.2782
26640,-9.2283,0.16759,1.3652
26728,-9.1757,0.22876,1.3986
26731,-9.1939,0.081284,1.4311
26734,-9.2513,-0.060577,1.3696
26737,-9.2038,-0.14348,1.3467
26739,-9.133,-0.25473,1.4596
26740,-9.096,-0.31647,1.5089
26742,-9.0923,-0.34489,1.545
26744,-9.0604,-0.34489,1.5697
26745,-8.8735,-0.31003,1.4533
26828,-8.9644,-0.21077,1.4935
26830,-9.0843,-0.19365,1.5449
26831,-9.2402,-0.096207,1.5455
26832,-9.3226,0.043716,1.5455
26833,-9.3662,0.062714,1.6304
26835,-9.3466,0.075882,1.7626
26836,-9.2669,-0.034256,1.9184
26837,-9.1681,-0.18239,1.9947
26838,-9.0358,-0.29701,1.977
26839,-8.9206,-0.36752,1.8695
26925,-8.8012,-0.41193,1.7903
26927,-8.7774,-0.44066,1.6713
26928,-8.812,-0.42151,1.5502
26930,-8.8859,-0.40311,1.501
26931,-9.0224,-0.3407,1.4593
26932,-9.0942,-0.30853,1.5431
26933,-9.1017,-0.25392,1.6382
26934,-9.1264,-0.18254,1.7123
26936,-9.1511,-0.099182,1.7424
26936,-9.1717,-0.028259,1.7909
27020,-9.1555,-0.012695,1.8513
27021,-9.1192,-0.012253,1.8764
27024,-9.0451,-0.054596,1.9118
27027,-9.0447,-0.046524,1.9067
27029,-9.0646,-0.07196,1.8669
27031,-9.0769,-0.059616,1.8422
27033,-9.1218,-0.059097,1.8396
27036,-9.1747,-0.076736,1.8714
27037,-9.1621,-0.08931,1.883
27121,-9.1699,-0.11026,1.91
27122,-9.16,-0.14886,1.9531
27123,-9.1847,-0.1342,1.9631
27124,-9.1627,-0.10307,1.9878
27126,-9.1536,-0.11311,1.9781
27127,-9.1364,-0.088409,2.0297
27128,-9.1494,-0.089767,2.0297
27128,-9.137,-0.11446,2.0482
27129,-9.1654,-0.15335,2.0247
27130,-9.1939,-0.16458,2.0105
27215,-9.1777,-0.1725,1.9619
27216,-9.1723,-0.15575,1.9124
27218,-9.1635,-0.15665,1.8956
27220,-9.1208,-0.1342,1.8956
27221,-9.0601,-0.15321,1.8766
27222,-9.0652,-0.19705,1.8872
27223,-9.0899,-0.21082,1.9147
27224,-9.1146,-0.19437,1.9641
27225,-9.1408,-0.17473,2.0341
27308,-9.1789,-0.19167,2.0721
27308,-9.1939,-0.19167,2.1011
27309,-9.1936,-0.17281,2.0868
27310,-9.1747,-0.19167,2.0446
27310,-9.152,-0.20305,1.9914
27311,-9.1364,-0.20238,1.9829
27312,-9.1265,-0.19496,1.9755
27313,-9.0878,-0.21082,1.9825
27313,-9.0694,-0.22519,1.9722
27314,-9.0383,-0.21082,1.9926
27407,-9.0219,-0.20103,2.0203
27408,-9.0761,-0.16803,1.9824
27409,-9.1502,-0.10129,1.9184
27409,-9.1901,-0.034698,1.8307
27410,-9.184,-0.00073242,1.7813
27411,-9.1494,0.019028,1.8356
27411,-9.0598,0.039368,1.8788
27412,-9.0598,0.057343,1.9013
27413,-9.0598,0.045059,1.8519
27414,-9.1327,0.038177,1.8381
27529,-9.1214,0.053146,1.8232
27530,-9.1461,0.028442,1.8284
27531,-9.1555,-0.026779,1.819
27531,-9.1731,-0.097534,1.7966
27532,-9.1555,-0.12943,1.7687
27533,-9.1428,-0.14064,1.7807
27533,-9.1181,-0.1342,1.8172
27534,-9.1318,-0.10577,1.8474
27535,-9.1172,-0.076736,1.8687
27599,-9.1172,-0.062576,1.8715
27600,-9.1152,-0.093796,1.8723
27603,-9.0981,-0.069107,1.8305
27604,-9.1244,-0.057587,1.8058
27605,-9.1177,-0.038895,1.7998
27606,-9.1172,-0.038437,1.7877
27607,-9.1385,-0.049072,1.77
27608,-9.1394,-0.057587,1.713
27608,-9.1364,-0.090805,1.6773
27609,-9.1364,-0.045135,1.6399
27697,-9.1515,-0.023376,1.6466
27700,-9.1364,-0.00012207,1.6274
27703,-9.1364,-0.00012207,1.6083
27705,-9.1475,-0.00012207,1.6083
27706,-9.1389,-0.00012207,1.5751
27707,-9.1304,0.019028,1.5508
27708,-9.0981,0.010498,1.5423
27709,-9.1122,-0.00012207,1.5317
27710,-9.1555,-0.01973,1.5508
27791,-9.1555,-0.044525,1.5508
27792,-9.1786,-0.046082,1.5393
27793,-9.2109,-0.038437,1.5487
27793,-9.2165,-0.064484,1.5769
27794,-9.2232,-0.095886,1.6173
27795,-9.2275,-0.081375,1.6129
27795,-9.2139,-0.095001,1.6301
27796,-9.245,-0.076736,1.6913
27797,-9.2825,-0.064774,1.728
27797,-9.2896,-0.070663,1.7554
27894,-9.2818,-0.084534,1.7998
27896,-9.2513,-0.12448,1.7904
27896,-9.2513,-0.1342,1.7358
27897,-9.2308,-0.1342,1.6631
27898,-9.213,-0.1342,1.624
27898,-9.213,-0.1342,1.6117
27899,-9.1771,-0.1342,1.5903
27900,-9.1512,-0.091553,1.5891
27901,-9.166,-0.086624,1.599
27988,-9.192,-0.074875,1.6274
27990,-9.1747,-0.057587,1.631
27993,-9.1747,-0.057587,1.6658
27996,-9.1747,-0.057587,1.6786
27996,-9.1563,-0.075989,1.6665
27997,-9.1364,-0.10068,1.6753
27998,-9.1364,-0.12538,1.7041
27998,-9.1523,-0.1342,1.7358
27999,-9.177,-0.15111,1.7232
28000,-9.1939,-0.1342,1.7385
28080,-9.2203,-0.1342,1.7615
28082,-9.1945,-0.11536,1.7804
28084,-9.2078,-0.10114,1.8434
28085,-9.2154,-0.11505,1.8465
28086,-9.2159,-0.11505,1.8544
28086,-9.1885,-0.13152,1.8328
28087,-9.1473,-0.13152,1.7669
28088,-9.1364,-0.13959,1.7232
28088,-9.1172,-0.19167,1.7042
28089,-9.1172,-0.19167,1.7223
28176,-9.1172,-0.18373,1.712
28177,-9.1172,-0.20844,1.7041
28177,-9.1333,-0.20769,1.7009
28178,-9.1172,-0.20035,1.6762
28178,-9.1172,-0.20372,1.6658
28179,-9.1167,-0.19228,1.6652
28179,-9.0981,-0.21695,1.6466
28180,-9.0981,-0.22997,1.6349
28180,-9.0981,-0.21277,1.6274
28274,-9.1052,-0.22997,1.6395
28275,-9.1264,-0.22997,1.6366
28276,-9.1511,-0.21532,1.6466
28277,-9.1566,-0.23102,1.6466
28277,-9.1615,-0.24254,1.6532
28278,-9.1243,-0.22997,1.69
28279,-9.1526,-0.24762,1.6864
28279,-9.1515,-0.22594,1.7162
28280,-9.146,-0.21082,1.7903
28281,-9.1269,-0.1965,1.862
28372,-9.1555,-0.20932,1.8735
28372,-9.1626,-0.19167,1.817
28373,-9.1873,-0.19167,1.7555
28374,-9.1758,-0.19167,1.7424
28374,-9.204,-0.21532,1.7514
28375,-9.1647,-0.22997,1.7707
28376,-9.1555,-0.24553,1.746
28376,-9.1575,-0.26634,1.6658
28377,-9.1694,-0.24911,1.6658
28466,-9.1645,-0.24911,1.6926
28467,-9.1562,-0.21202,1.7603
28468,-9.1796,-0.21082,1.7856
28468,-9.1834,-0.2213,1.7998
28469,-9.1427,-0.19795,1.7838
28470,-9.1256,-0.18089,1.7699
28470,-9.1252,-0.16458,1.7377
28471,-9.1364,-0.16682,1.7041
28472,-9.1174,-0.1725,1.6851
28472,-9.1291,-0.18703,1.6777
28564,-9.1425,-0.21082,1.6658
28564,-9.1391,-0.19437,1.7151
28565,-9.1421,-0.22713,1.7041
28566,-9.1663,-0.21082,1.7124
28567,-9.1555,-0.21082,1.7371
28567,-9.1744,-0.19167,1.7235
28568,-9.1555,-0.19751,1.7424
28570,-9.1555,-0.21082,1.7424
28571,-9.1555,-0.21082,1.7593
28659,-9.1765,-0.21442,1.7633
28661,-9.185,-0.22264,1.7719
28664,-9.1747,-0.19167,1.7759
28666,-9.1755,-0.19017,1.7585
28666,-9.1813,-0.15964,1.6912
28667,-9.1437,-0.16069,1.6922
28668,-9.1017,-0.15335,1.6849
28668,-9.1172,-0.17999,1.6812
28669,-9.108,-0.21082,1.6565
28670,-9.1188,-0.21082,1.657
28767,-9.1364,-0.22878,1.6466
28768,-9.1431,-0.20409,1.6534
28768,-9.1555,-0.19167,1.6903
28769,-9.1555,-0.19167,1.7041
28769,-9.1726,-0.19167,1.719
28770,-9.1603,-0.19167,1.6943
28771,-9.1708,-0.20694,1.6696
28771,-9.1555,-0.21246,1.6499
28772,-9.1555,-0.22997,1.6993
28773,-9.1391,-0.24641,1.7232
28854,-9.1548,-0.24911,1.7048
28855,-9.1509,-0.24911,1.747
28856,-9.1364,-0.25931,1.7615
28857,-9.1678,-0.23686,1.7301
28858,-9.1726,-0.25122,1.7041
28858,-9.1708,-0.26065,1.7117
28859,-9.1675,-0.27547,1.7364
28860,-9.1555,-0.25002,1.705
28860,-9.151,-0.26373,1.7278
28956,-9.1459,-0.23015,1.7424
28959,-9.1394,-0.22697,1.7424
28961,-9.1172,-0.22997,1.7015
28963,-9.1253,-0.22997,1.6849
28965,-9.15,-0.20274,1.6441
28966,-9.1364,-0.19167,1.6466
28966,-9.1364,-0.19167,1.6466
28967,-9.1364,-0.19167,1.6577
28968,-9.1364,-0.19167,1.6824
28969,-9.1364,-0.19167,1.6546
29046,-9.1087,-0.2002,1.6743
29047,-9.1122,-0.18268,1.6568
29047,-9.0985,-0.19167,1.6279
29049,-9.1232,-0.19766,1.6466
29049,-9.1422,-0.21082,1.6409
29050,-9.1545,-0.21082,1.6285
29051,-9.159,-0.21426,1.6309
29052,-9.1657,-0.22997,1.6646
29052,-9.1555,-0.22997,1.6559
29143,-9.1555,-0.24524,1.6544
29145,-9.1491,-0.22997,1.6785
29146,-9.1603,-0.24194,1.6658
29147,-9.1747,-0.23161,1.6658
29147,-9.1555,-0.24135,1.6849
29148,-9.1555,-0.21082,1.6566
29148,-9.1555,-0.18089,1.6424
29149,-9.0994,-0.1725,1.7095
29150,-9.1241,-0.16562,1.7807
29150,-9.1364,-0.15335,1.7699
29240,-9.1541,-0.18886,1.726
29242,-9.1747,-0.16817,1.6954
29243,-9.155,-0.16324,1.6756
29243,-9.1364,-0.1725,1.7312
29244,-9.1382,-0.21442,1.7424
29245,-9.1409,-0.25645,1.735
29245,-9.1301,-0.25542,1.7104
29246,-9.1364,-0.26753,1.7041
29247,-9.1364,-0.24591,1.7711
29336,-9.1358,-0.23058,1.8196
29337,-9.1194,-0.24693,1.836
29340,-9.1364,-0.20857,1.8787
29341,-9.1131,-0.19167,1.8956
29343,-9.0789,-0.19167,1.8557
29344,-9.0978,-0.19167,1.8004
29345,-9.1225,-0.21082,1.7894
29346,-9.1364,-0.23236,1.7723
29347,-9.1527,-0.24911,1.8133
29347,-9.1779,-0.25235,1.867
29433,-9.1743,-0.26828,1.9343
29435,-9.1418,-0.26828,1.9668
29436,-9.1746,-0.26828,1.9911
29437,-9.1499,-0.2626,1.9417
29437,-9.1252,-0.2379,1.8923
29438,-9.1005,-0.24673,1.8597
29439,-9.095,-0.24284,1.8573
29439,-9.0789,-0.2195,1.866
29440,-9.0647,-0.27263,1.8764
29441,-9.0765,-0.27075,1.8764
29538,-9.0659,-0.28743,1.8512
29540,-9.0906,-0.27577,1.8148
29543,-9.0981,-0.23387,1.7826
29545,-9.0981,-0.23357,1.8226
29546,-9.1027,-0.24911,1.8427
29547,-9.115,-0.24911,1.855
29547,-9.1194,-0.25017,1.8573
29548,-9.1621,-0.2617,1.8375
29549,-9.1989,-0.22488,1.8362
29625,-9.227,-0.14819,1.8153
29626,-9.209,-0.13017,1.8654
29627,-9.1939,-0.10547,1.886
29628,-9.1787,-0.095886,1.8462
29628,-9.1364,-0.11656,1.8764
29629,-9.1153,-0.14827,1.8835
29630,-9.0789,-0.18509,1.9082
29630,-9.0608,-0.17355,1.9147
29631,-9.0789,-0.21082,1.9429
29631,-9.0905,-0.21082,1.9607
29735,-9.13,-0.21082,1.969
29737,-9.1172,-0.19362,2.0105
29739,-9.1247,-0.21082,2.018
29741,-9.1104,-0.21082,2.0167
29743,-9.1167,-0.17371,2.0105
29745,-9.1123,-0.21576,1.9914
29746,-9.0981,-0.22997,1.9809
29748,-9.0981,-0.21396,1.9562
29751,-9.0809,-0.24518,1.9511
29816,-9.103,-0.21082,1.9339
29817,-9.1172,-0.21082,1.9339
29818,-9.1172,-0.21082,1.9529
29819,-9.1035,-0.20544,1.9668
29819,-9.1172,-0.19167,1.9531
29820,-9.109,-0.18344,1.9366
29821,-9.0981,-0.17535,1.9147
29821,-9.0981,-0.20006,1.9064
29822,-9.0842,-0.19691,1.9234
29823,-9.0981,-0.19221,1.9147
29914,-9.118,-0.21082,1.9147
29915,-9.1137,-0.21082,1.9034
29915,-9.0981,-0.19392,1.8956
29916,-9.0822,-0.21082,1.918
29917,-9.1069,-0.202,1.9339
29917,-9.1029,-0.17729,1.9195
29918,-9.0981,-0.15411,1.9339
29918,-9.0981,-0.16623,1.9339
29919,-9.1099,-0.14154,1.9457
30007,-9.1171,-0.1725,1.9912
30008,-9.0981,-0.17625,1.9647
30009,-9.1074,-0.20094,1.9154
30009,-9.1024,-0.18118,1.8956
30010,-9.0981,-0.15216,1.9746
30011,-9.0981,-0.1342,2.0173
30011,-9.0981,-0.14647,2.0419
30012,-9.1159,-0.13556,2.031
30013,-9.1256,-0.1342,1.9638
30013,-9.1634,-0.12637,1.9261
30106,-9.1607,-0.11505,1.9007
30106,-9.0965,-0.1725,1.9164
30107,-9.0861,-0.18687,1.9267
30107,-9.0981,-0.21082,1.8766
30108,-9.0798,-0.22908,1.839
30108,-9.067,-0.22997,1.8738
30109,-9.07,-0.20963,1.9261
30109,-9.0632,-0.17595,1.9845
30110,-9.0981,-0.17041,2.0509
30111,-9.1111,-0.15335,2.081
30204,-9.1172,-0.12352,2.0722
30207,-9.0985,-0.13376,2.0306
30210,-9.1032,-0.12912,2.0246
30212,-9.1279,-0.12569,2.0105
30215,-9.1364,-0.1342,2.0267
30217,-9.1147,-0.16487,2.0488
30219,-9.1062,-0.12314,2.0569
30221,-9.1036,-0.14783,2.0544
30223,-9.1172,-0.1342,2.0488
30299,-9.1172,-0.14693,2.0233
30300,-9.1062,-0.12314,2.0327
30302,-9.1147,-0.13167,2.0654
30304,-9.1011,-0.095886,2.0518
30305,-9.1087,-0.11296,2.068
30306,-9.0981,-0.12015,2.068
30307,-9.136,-0.11505,2.0867
30307,-9.1172,-0.10309,2.068
30308,-9.1172,-0.088257,2.0565
30309,-9.1172,-0.095886,2.0354
30396,-9.1104,-0.095886,2.0366
30397,-9.0789,-0.095886,2.068
30398,-9.0789,-0.11041,2.0825
30399,-9.0798,-0.11595,2.0671
30400,-9.0949,-0.131,2.0488
30402,-9.0825,-0.11865,2.0488
30403,-9.0965,-0.11505,2.0138
30404,-9.0981,-0.095886,2.0719
30405,-9.0792,-0.095886,2.0683
30492,-9.0643,-0.11278,2.0083
30493,-9.0981,-0.093201,1.9914
30493,-9.0981,-0.057587,1.9845
30494,-9.1105,-0.045181,2.0095
30495,-9.0993,-0.074356,2.0476
30495,-9.0981,-0.076736,2.0723
30496,-9.108,-0.086624,2.0871
30496,-9.1018,-0.08049,2.118
30497,-9.0999,-0.0923,2.141
30497,-9.1172,-0.072845,2.1063
30587,-9.1304,-0.095886,2.1325
30591,-9.118,-0.059097,2.1078
30592,-9.1077,-0.076736,2.0967
30593,-9.0893,-0.066422,2.0577
30594,-9.0822,-0.08931,2.0488
30596,-9.0767,-0.059845,2.0297
30597,-9.0676,-0.084518,2.0452
30598,-9.0656,-0.095886,2.068
30599,-9.0786,-0.095886,2.0491
30600,-9.0603,-0.095886,2.0488
30689,-9.0873,-0.085129,2.068
30691,-9.0952,-0.076736,2.0517
30692,-9.0816,-0.054901,2.0324
30693,-9.0816,-0.046677,2.0571
30694,-9.0529,-0.071365,2.068
30696,-9.0406,-0.095886,2.0681
30696,-9.0463,-0.09021,2.0815
30697,-9.071,-0.076736,2.0568
30698,-9.1125,-0.059982,2.0656
30787,-9.0835,-0.069443,2.0561
30788,-9.0511,-0.057587,2.0853
30790,-9.0549,-0.071808,2.0636
30792,-9.0783,-0.076736,2.0692
30794,-9.0659,-0.08287,2.1063
30795,-9.0789,-0.095886,2.0946
30796,-9.0789,-0.095886,2.0527
30797,-9.0945,-0.057587,2.0405
30797,-9.0698,-0.048462,2.1236
30798,-9.045,-0.023651,2.2081
30886,-9.0406,-0.019272,2.2212
30886,-9.0472,-0.025864,2.2015
30887,-9.0719,-0.038437,2.1395
30888,-9.1143,-0.056091,2.0548
30888,-9.0789,-0.046524,2.0186
30889,-9.0789,-0.076736,2.0584
30890,-9.0487,-0.091858,2.068
30890,-9.0981,-0.11656,2.0105
30891,-9.0928,-0.12895,2.0158
30975,-9.0697,-0.11505,2.0666
30978,-9.0779,-0.096939,2.1425
30979,-9.0598,-0.086914,2.1919
30980,-9.0598,-0.067612,2.2112
30982,-9.0598,-0.076736,2.1865
30983,-9.0703,-0.087296,2.1618
30984,-9.0789,-0.095886,2.1296
30986,-9.0659,-0.095886,2.0933
30987,-9.0969,-0.11446,2.0686
30988,-9.0789,-0.10321,2.0753
31071,-9.0663,-0.12766,2.0997
31072,-9.0918,-0.11819,2.1063
31073,-9.0813,-0.11266,2.1039
31073,-9.0981,-0.095886,2.0951
31074,-9.1116,-0.095886,2.0928
31075,-9.1172,-0.076889,2.0871
31075,-9.0789,-0.057587,2.1117
31076,-9.0789,-0.057587,2.1145
31077,-9.0625,-0.074051,2.1721
31165,-9.0598,-0.076736,2.1637
31166,-9.0598,-0.076736,2.147
31166,-9.0459,-0.062836,2.0837
31167,-9.0789,-0.058197,2.0294
31168,-9.0731,-0.090057,2.0222
31168,-9.0484,-0.065369,2.0488
31169,-9.0575,-0.10832,2.0826
31170,-9.0789,-0.099182,2.0871
31173,-9.0878,-0.12389,2.096
31173,-9.0981,-0.1237,2.1063
31264,-9.0988,-0.11505,2.1078
31268,-9.111,-0.10876,2.1383
31270,-9.0863,-0.084076,2.1136
31271,-9.0963,-0.094101,2.0889
31271,-9.0789,-0.08049,2.0316
31272,-9.0789,-0.10518,2.0439
31273,-9.0789,-0.11505,2.0636
31273,-9.0586,-0.11505,2.0512
31274,-9.0474,-0.11505,2.0737
31274,-9.0598,-0.11505,2.0316
31358,-9.0779,-0.13316,2.0297
31359,-9.0789,-0.13002,2.0829
31359,-9.0692,-0.12479,2.0777
31361,-9.0751,-0.1342,2.0719
31362,-9.0806,-0.1342,2.0871
31363,-9.0837,-0.1342,2.0728
31364,-9.0725,-0.1342,2.0616
31364,-9.0789,-0.11595,2.0497
31365,-9.0745,-0.11946,2.0724
31460,-9.0694,-0.12456,2.0871
31462,-9.0789,-0.11505,2.1186
31463,-9.0768,-0.11296,2.1084
31466,-9.0674,-0.11116,2.1178
31466,-9.0789,-0.1342,2.1063
31467,-9.0789,-0.1342,2.0876
31468,-9.084,-0.10997,2.077
31469,-9.0875,-0.10652,2.0701
31469,-9.0789,-0.098892,2.0871
31470,-9.0789,-0.095886,2.0716
31555,-9.0406,-0.10397,2.0791
31556,-9.0406,-0.11505,2.0952
31556,-9.0981,-0.095886,2.1063
31557,-9.1062,-0.1342,2.131
31559,-9.0845,-0.13974,2.1169
31560,-9.0968,-0.15208,2.0552
31561,-9.0406,-0.10907,2.0387
31562,-9.0406,-0.076736,2.1127
31562,-9.0406,-0.090805,2.1446
31650,-9.0491,-0.08522,2.1553
31652,-9.0789,-0.10907,2.1075
31654,-9.0789,-0.095886,2.0334
31656,-9.096,-0.078842,1.9935
31657,-9.0981,-0.12195,2.0331
31657,-9.0891,-0.15335,2.0668
31658,-9.0935,-0.13884,2.0581
31658,-9.0981,-0.1342,2.0479
31659,-9.0981,-0.1342,2.0361
31660,-9.0981,-0.1342,2.0488
31749,-9.0807,-0.11687,2.0835
31752,-9.0751,-0.09201,2.091
31753,-9.0598,-0.076736,2.1063
31754,-9.0448,-0.061783,2.1213
31757,-9.0406,-0.076736,2.1063
31758,-9.0475,-0.090515,2.1132
31759,-9.0722,-0.11505,2.1254
31759,-9.0969,-0.11505,2.1254
31761,-9.0789,-0.1342,2.1416
31843,-9.0789,-0.1342,2.1227
31844,-9.0943,-0.10338,2.1063
31846,-9.0981,-0.11505,2.0871
31847,-9.0981,-0.11505,2.0871
31848,-9.0852,-0.08931,2.1129
31849,-9.0881,-0.076736,2.1254
31850,-9.0885,-0.081528,2.135
31851,-9.0701,-0.085571,2.1637
31853,-9.0631,-0.092606,2.2113
31854,-9.0406,-0.095886,2.1743
31940,-9.0308,-0.086044,2.1254
31941,-9.0348,-0.090057,2.0988
31942,-9.0406,-0.13361,2.106
31944,-9.0215,-0.14468,2.1254
31945,-9.0538,-0.16174,2.147
31946,-9.0789,-0.18599,2.1801
31947,-9.0625,-0.15335,2.2048
31949,-9.0789,-0.14513,2.2294
31950,-9.0789,-0.12044,2.2679
31951,-9.0962,-0.097824,2.2959
32035,-9.0924,-0.12074,2.2538
32036,-9.0677,-0.12299,2.2404
32037,-9.043,-0.11505,2.2404
32038,-9.0567,-0.15022,2.1829
32039,-9.058,-0.1342,2.1916
32040,-9.0505,-0.16263,2.2021
32041,-9.0029,-0.13541,2.1835
32042,-9.0153,-0.16638,2.2021
32043,-9.0183,-0.15335,2.1941
32134,-9.0406,-0.15335,2.1829
32135,-9.0215,-0.13062,2.1757
32136,-9.0306,-0.11505,2.1446
32137,-9.026,-0.11505,2.1153
32138,-9.0029,-0.13474,2.0866
32139,-9.0152,-0.14708,2.0743
32139,-8.9851,-0.14124,2.068
32140,-8.9817,-0.16951,2.1033
32140,-9.0145,-0.14528,2.1335
32141,-9.0717,-0.11505,2.1757
32227,-9.0947,-0.11505,2.1987
32228,-9.0804,-0.098892,2.2419
32230,-9.084,-0.12013,2.2666
32232,-9.0598,-0.12103,2.2912
32233,-9.0598,-0.1161,2.3159
32234,-9.0688,-0.10039,2.3125
32235,-9.1081,-0.11505,2.2878
32236,-9.1172,-0.11505,2.2475
32237,-9.1139,-0.09758,2.2578
32327,-9.0736,-0.10429,2.235
32328,-9.0598,-0.089767,2.2473
32329,-9.0783,-0.11446,2.2781
32330,-9.074,-0.1342,2.2256
32332,-9.0493,-0.12373,2.141
32333,-9.0406,-0.099045,2.1223
32335,-9.0167,-0.038437,2.147
32336,-8.9832,-0.038437,2.1637
32337,-9.0101,-0.024963,2.1368
32339,-9.0342,-0.032028,2.1127
32424,-9.0507,-0.028412,2.0963
32425,-9.0598,-0.019272,2.0762
32426,-9.0598,-0.019272,2.0515
32426,-9.0406,-0.063278,2.0545
32427,-9.049,-0.095886,2.1039
32428,-9.0598,-0.095886,2.1533
32428,-9.0601,-0.095886,2.1635
32429,-9.0789,-0.095886,2.1679
32429,-9.0789,-0.084518,2.2553
32515,-9.0613,-0.056824,2.2994
32516,-9.0948,-0.041733,2.3329
32517,-9.0613,-0.048767,2.317
32518,-9.0406,-0.067169,2.2883
32519,-9.0399,-0.0392,2.2588
32520,-9.0152,-0.076447,2.2215
32520,-9.0023,-0.12688,2.1711
32521,-9.037,-0.15157,2.1985
32522,-9.0061,-0.13795,2.2058
32522,-9.0372,-0.14549,2.2212
32616,-9.0598,-0.1342,2.2351
32616,-9.061,-0.093506,2.2787
32617,-9.0587,-0.050858,2.2787
32618,-9.0215,-0.026169,2.34
32618,-9.0393,-0.0014801,2.3922
32619,-9.029,-0.00012207,2.452
32620,-9.0215,0.0095978,2.5088
32620,-9.0367,-0.011505,2.5887
32621,-9.0822,-0.12329,2.7033
32622,-9.1726,-0.32143,2.8766
32711,-9.2235,-0.48251,3.0632
32711,-9.3052,-0.73634,3.1936
32712,-9.3233,-1.0564,3.1041
32713,-9.2274,-1.3672,2.7671
32713,-8.9513,-1.6478,2.3249
32714,-8.384,-1.8494,1.9492
32714,-7.6738,-1.9575,1.7157
32715,-7.1109,-2.0579,1.7124
32715,-6.7668,-2.2188,1.9294
32808,-6.7661,-2.2523,2.439
32812,-7.0739,-2.0859,2.8105
32814,-7.6059,-1.685,3.0753
32816,-8.2449,-1.161,3.392
32819,-8.9272,-0.74892,3.787
32820,-9.679,-0.45772,4.0323
32821,-10.324,-0.34489,3.945
32822,-10.633,-0.34489,3.7692
32823,-10.61,-0.36705,3.5419
32823,-10.374,-0.38319,3.3887
32905,-9.9133,-0.37721,3.2184
32907,-9.3616,-0.31931,3.0532
32908,-8.85,-0.20303,2.7854
32909,-8.523,0.003006,2.5602
32911,-8.5163,0.13695,2.2661
32912,-8.5657,0.14928,2.0562
32913,-8.598,0.20428,1.6331
32914,-8.5569,0.24692,1.0852
32916,-8.3032,0.38832,0.44771
32999,-7.644,0.71474,-0.48067
33000,-7.1794,0.99826,-0.96696
33001,-6.5751,1.6423,-1.7195
33001,-6.103,2.4444,-2.244
33002,-5.9252,3.2241,-1.8996
33003,-6.123,3.6663,-0.48244
33003,-6.8323,3.6883,1.5
33004,-8.0548,3.3015,3.3495
33005,-9.5879,2.6494,4.4686
33006,-11.201,1.6326,4.8765
33096,-12.425,0.515,5.1756
33097,-13.093,-0.5963,5.123
33098,-13.013,-1.6608,4.2843
33098,-12.558,-2.3423,3.3609
33099,-12.108,-2.5555,2.5091
33100,-11.573,-2.1681,2.0129
33100,-10.773,-1.3687,2.3972
33101,-9.7834,-0.45622,2.9254
33102,-8.9489,0.30379,3.2657
33193,-8.5188,0.75194,3.3321
33194,-8.211,1.0475,3.2392
33195,-8.188,1.0916,3.017
33195,-8.2936,1.0015,2.743
33196,-8.2703,0.85341,2.3649
33196,-8.2029,0.75188,2.0764
33198,-8.1412,0.69015,1.8788
33198,-8.0376,0.63718,1.6692
33199,-7.9142,0.66187,1.6167
33200,-7.807,0.68655,1.6246
33286,-7.7841,0.71613,1.6199
33287,-7.7956,0.7524,1.6001
33288,-7.8232,0.8127,1.5203
33289,-7.8727,0.80418,1.4745
33290,-7.9582,0.76811,1.5353
33291,-8.0704,0.71649,1.6453
33291,-8.2362,0.608,1.7855
33292,-8.37,0.50131,1.943
33293,-8.414,0.37785,2.1305
33299,-8.5524,0.21709,2.4152
33387,-8.5804,0.092636,2.645
33388,-8.5679,-0.036942,2.7438
33391,-8.616,-0.16174,2.7491
33393,-8.69,-0.24329,2.7192
33394,-8.7557,-0.24194,2.6893
33395,-8.986,-0.16519,2.6061
33396,-9.2977,0.016937,2.478
33397,-9.4767,0.28059,2.3723
33397,-9.7982,0.56068,2.3257
33482,-10.124,0.82448,2.3269
33483,-10.62,1.0605,2.4789
33484,-11.113,1.1914,2.7919
33484,-11.626,1.1682,3.2076
33485,-12.094,1.0392,3.6384
33486,-12.318,0.88078,3.8804
33486,-12.513,0.64645,4.1131
33487,-12.698,0.17644,4.1575
33488,-12.955,-0.23341,3.6275
33489,-13.683,0.09996,2.7013
33577,-14.349,0.93211,1.7113
33579,-14.639,1.6854,0.5764
33581,-14.568,2.0085,-0.6644
33582,-14.185,1.2431,-1.4261
33583,-13.755,-0.25946,-1.4916
33585,-13.211,-1.8951,-0.69432
33586,-12.416,-3.1795,0.21367
33587,-11.713,-3.7354,0.57581
33587,-11.242,-3.6387,0.38501
33674,-10.301,-3.189,-0.096725
33675,-9.3139,-2.6637,-0.78142
33676,-8.5103,-2.1519,-1.3156
33677,-8.047,-1.7645,-1.76
33677,-7.9591,-1.5683,-2.2901
33678,-8.1813,-1.4805,-2.3812
33679,-8.3376,-1.3571,-2.2742
33680,-8.5527,-1.1259,-1.842
33681,-8.9473,-0.72198,-1.1414
33682,-9.26,-0.34456,-0.51601
33772,-9.4788,0.077988,-0.017365
33773,-9.1937,0.17226,0.13347
33774,-8.6145,0.13814,0.14485
33774,-8.0895,0.11481,0.1019
33776,-7.4929,0.12303,-0.023041
33776,-7.2337,0.18475,-0.047745
33778,-6.838,0.25366,-0.086792
33780,-6.4076,0.38968,-0.038162
33781,-6.1616,0.59303,-0.013474
33781,-6.0363,0.78096,0.054764
33881,-5.9444,0.83867,0.19952
33883,-5.7696,0.83514,0.26379
33886,-5.6986,0.74866,0.24838
33887,-5.7184,0.55608,0.2632
33888,-5.848,0.31351,0.2065
33888,-6.0118,0.046402,0.12569
33889,-6.308,-0.21323,0.14963
33890,-6.6467,-0.33951,0.27997
33890,-7.0572,-0.48535,0.56975
33967,-7.4933,-0.66359,1.0007
33968,-7.8827,-0.86923,1.4272
33969,-8.2094,-1.0476,1.7813
33972,-8.3822,-1.2379,2.0847
33973,-8.466,-1.3726,2.4566
33974,-8.4478,-1.5079,2.8763
33976,-8.5037,-1.5469,3.1023
33976,-8.5821,-1.451,3.0718
33977,-8.6315,-1.1749,2.9663
33978,-8.6705,-0.84135,2.8207
34063,-8.6576,-0.29941,2.6849
34064,-8.7892,0.12198,2.4858
34066,-9.1297,0.41676,2.2823
34066,-9.4668,0.55023,2.4113
34067,-9.7715,0.48305,2.6457
34068,-9.9567,0.3596,2.8308
34068,-10.302,-0.10204,3.1928
34069,-10.664,-0.77585,3.4249
34070,-11.004,-1.5659,3.379
34161,-11.305,-2.2404,3.1077
34163,-11.344,-2.3692,2.9048
34164,-11.218,-1.9281,2.8401
34165,-11.136,-0.9216,3.0385
34166,-11.09,0.11659,3.4997
34167,-11.09,1.0454,4.0326
34167,-11.132,1.7548,4.1429
34168,-11.542,2.0631,3.7806
34168,-12.147,1.5932,3.1992
34169,-12.836,0.21381,2.7335
34257,-13.663,-1.9644,2.0744
34257,-13.366,-4.0623,0.93913
34258,-10.966,-4.5359,-0.90143
34259,-8.7536,-3.3569,-2.7213
34260,-7.7741,-1.396,-4.0944
34260,-7.2716,0.78322,-4.8985
34261,-7.1205,2.8969,-4.9614
34261,-7.3512,4.6938,-4.0586
34262,-8.3074,5.4461,-2.6262
34352,-9.5005,5.0387,-1.2447
34353,-11.149,3.0016,0.80804
34353,-12.337,0.7093,2.1124
34354,-13.693,-1.735,2.7345
34354,-14.555,-3.9558,2.5971
34355,-14.36,-4.9412,2.3457
34357,-13.633,-5.5396,2.1699
34359,-11.905,-5.9099,2.1847
34360,-10.661,-5.5833,1.7934
34361,-9.4786,-4.7553,0.77448
34446,-8.8636,-3.4091,-0.091064
34446,-8.5408,-2.0241,-0.48035
34447,-7.7835,-0.57907,-0.18719
34448,-7.0535,0.51224,0.37289
34450,-6.4811,1.1021,0.65077
34451,-5.8444,1.305,0.95589
34452,-5.4173,1.2157,1.3186
34452,-5.1782,0.88692,1.6825
34453,-4.9693,0.52794,1.8856
34454,-4.8686,0.13425,1.9147
34546,-4.799,-0.20573,1.6638
34547,-4.913,-0.36644,1.2827
34548,-5.0616,-0.28534,0.93658
34548,-5.1848,0.18213,0.87508
34549,-5.514,0.79115,0.89154
34550,-5.9503,1.3975,1.0121
34550,-6.4384,1.9166,1.0546
34551,-6.8658,2.0876,1.3339
34552,-7.1402,2.0554,1.447
34638,-7.3618,1.859,1.4815
34641,-7.5018,1.5648,1.6111
34642,-7.6179,1.2191,1.8013
34644,-7.8087,0.94453,2.0378
34645,-8.1653,0.80283,2.164
34646,-8.3998,0.7411,2.1764
34647,-8.7686,0.62686,2.1829
34647,-9.3387,0.43681,2.1657
34649,-10.026,0.20218,2.2763
34650,-10.825,-0.13686,2.5313
34736,-11.466,-0.35127,2.7568
34742,-12.186,-0.52567,2.933
34743,-12.663,-0.68367,3.0466
34744,-12.887,-0.7088,3.3416
34745,-12.894,-0.65585,3.8178
34746,-12.62,-0.55858,4.4644
34746,-12.44,-0.48854,5.2379
34747,-12.487,-0.5092,6.087
34748,-12.746,-0.59947,6.5565
34856,-13.678,-0.69475,6.2452
34858,-15.126,-0.77226,5.2643
34859,-16.275,-0.53195,0.79367
34859,-15.594,-0.90335,-1.9576
34860,-13.957,-1.3663,-3.0296
34861,-12.375,-1.5719,-2.991
34861,-10.907,-1.7362,-2.7903
34862,-8.706,-2.4156,-1.7885
34862,-6.9104,-3.1159,-0.30437
34863,-6.085,-3.7207,0.85533
34864,-6.6204,-4.0842,1.0633
34936,-7.8435,-3.9383,0.27025
34937,-8.5856,-3.213,-0.36572
34946,-9.1675,-2.0089,-0.71169
34947,-9.6464,-0.60945,-0.72845
34948,-9.9337,0.35571,-0.72845
34949,-10.131,0.97296,-0.72845
34950,-10.31,2.087,-0.69852
34951,-10.354,2.8642,-0.70375
34953,-9.8274,3.0618,-0.7449
