5027,-9.171,-0.5098,3.2209
5028,-9.1271,-0.47896,3.2932
5028,-9.1334,-0.51727,3.4129
5029,-9.0222,-0.52341,3.5612
5029,-8.9365,-0.53642,3.6353
5030,-8.898,-0.51923,3.6491
5030,-8.8802,-0.50172,3.6206
5030,-8.7943,-0.54466,3.5246
5031,-8.6902,-0.5894,3.4605
5031,-8.6161,-0.69594,3.3849
5110,-8.5615,-0.80515,3.303
5110,-8.5184,-0.87926,3.2747
5111,-8.469,-0.93565,3.2393
5111,-8.3732,-0.95781,3.2636
5112,-8.2936,-0.96739,3.3225
5112,-8.2443,-0.99208,3.4117
5113,-8.2347,-1.0389,3.4485
5114,-8.2311,-1.12,3.4592
5114,-8.3182,-1.1936,3.4596
5115,-8.4759,-1.1711,3.4484
5208,-8.7025,-1.1742,3.4189
5209,-8.9193,-1.1101,3.3695
5210,-9.061,-1.0141,3.3201
5210,-9.1614,-0.86176,3.2899
5211,-9.2205,-0.63728,3.2555
5212,-9.1801,-0.45143,3.2685
5212,-9.0442,-0.34669,3.219
5213,-8.9109,-0.31586,3.232
5214,-8.9144,-0.26439,3.267
5303,-9.2675,-0.20154,3.1275
5305,-9.7852,-0.09111,2.7001
5306,-10.337,0.13994,2.0678
5307,-10.748,0.31052,1.5134
5307,-10.784,0.38264,1.2457
5308,-10.465,0.28477,1.2935
5309,-9.8815,0.054932,1.4193
5309,-8.935,-0.30719,1.6744
5310,-8.1566,-0.54002,2.0369
5310,-7.4406,-0.72945,2.451
5399,-7.0974,-0.7361,2.6977
5400,-6.9738,-0.65016,2.8347
5401,-7.157,-0.53389,2.8608
5401,-7.4988,-0.39517,2.7659
5402,-8.0122,-0.33023,2.6008
5403,-8.7114,-0.27756,2.3092
5403,-9.3586,-0.21233,1.99
5404,-9.869,-0.13422,1.7759
5405,-10.113,-0.071777,1.7254
5502,-10.074,0.079498,1.8195
5504,-9.8373,0.15759,2.0448
5506,-9.4542,0.15489,2.299
5506,-9.0994,0.1344,2.5118
5507,-8.7755,0.038773,2.6507
5508,-8.5434,-0.025421,2.7
5508,-8.4445,-0.075546,2.5971
5509,-8.4355,-0.057587,2.449
5509,-8.5588,-0.045334,2.264
5510,-8.7271,-0.00035095,2.0751
5603,-8.9592,0.10582,1.8256
5605,-9.1081,0.2592,1.8099
5606,-9.3196,0.39792,1.8992
5607,-9.4062,0.52855,1.9706
5608,-9.4273,0.66905,1.9387
5608,-9.4397,0.73077,1.8893
5609,-9.4063,0.81989,1.7852
5610,-9.2235,0.90936,1.8224
5610,-9.0652,0.95874,2.0345
5692,-8.9257,0.97784,2.1637
5694,-8.9257,0.99376,2.17
5695,-8.941,0.96144,2.2517
5696,-9.0299,0.9384,2.2715
5697,-9.0972,0.9384,2.3344
5697,-9.1696,0.90907,2.3604
5698,-9.1449,0.8597,2.3957
5699,-9.1041,0.77798,2.5097
5699,-9.0981,0.66008,2.677
5700,-9.1055,0.56409,2.8062
5783,-9.1433,0.49092,2.8663
5783,-9.1747,0.44041,2.8724
5784,-9.3612,0.43488,2.7792
5785,-9.4761,0.42126,2.7051
5786,-9.5501,0.45447,2.6643
5787,-9.5931,0.50685,2.56
5787,-9.5684,0.58092,2.4936
5788,-9.5719,0.62685,2.3667
5789,-9.5173,0.67026,2.2592
5789,-9.3974,0.67026,2.2421
5882,-9.2858,0.66637,2.2595
5882,-9.2023,0.66815,2.2425
5883,-9.1521,0.67369,2.1952
5885,-9.1095,0.68941,2.1458
5886,-9.0572,0.68941,2.14
5887,-9.0215,0.69209,2.1629
5887,-9.0215,0.74043,2.1317
5888,-8.9856,0.75165,2.1662
5889,-8.964,0.76602,2.2196
5979,-9.0089,0.79773,2.3242
5980,-9.0403,0.7946,2.4027
5981,-9.0598,0.7744,2.5217
5981,-9.0379,0.72232,2.5482
5982,-8.9817,0.63045,2.5729
5983,-8.8952,0.56879,2.5727
5983,-8.8323,0.48349,2.566
5984,-8.8621,0.45088,2.5425
5985,-8.9658,0.38176,2.5277
5985,-9.2392,0.31743,2.5413
6073,-9.4854,0.19978,2.4995
6074,-9.8063,0.080978,2.3688
6074,-10.037,0.031586,2.1949
6075,-10.038,-0.017776,1.9606
6076,-9.8068,-0.02887,1.6753
6076,-9.3498,0.020523,1.4594
6077,-8.8225,0.038177,1.3659
6078,-8.4717,0.10237,1.4494
6078,-8.3492,0.16362,1.5929
6177,-8.2991,0.19682,1.7311
6177,-8.3316,0.22932,1.8936
6178,-8.5271,0.32204,2.15
6179,-8.7354,0.41766,2.3816
6179,-8.9576,0.59004,2.5461
6180,-9.1744,0.72202,2.6782
6181,-9.339,0.83725,2.6371
6181,-9.4183,0.89471,2.6318
6182,-9.4429,0.90024,2.6615
6182,-9.4153,0.91234,2.6234
6267,-9.329,0.87527,2.5986
6271,-9.225,0.79474,2.5684
6273,-9.1461,0.64511,2.566
6275,-9.0894,0.45627,2.5573
6277,-9.0932,0.26921,2.5184
6279,-9.0987,0.092041,2.4888
6281,-9.1111,-0.049957,2.4763
6283,-9.0981,-0.12672,2.5127
6285,-9.0465,-0.15141,2.5105
6366,-8.9417,-0.20993,2.5268
6367,-8.7469,-0.1725,2.4802
6369,-8.6034,-0.14319,2.4556
6371,-8.6196,-0.018234,2.4267
6372,-8.3331,-0.0067139,2.3164
6374,-8.4267,-0.013214,2.2605
6376,-8.4638,-0.00088501,2.2235
6376,-8.5437,0.0271,2.2212
6377,-8.648,0.076492,2.2212
6377,-8.7674,0.15608,2.2212
6460,-8.9693,0.24423,2.1829
6461,-9.0547,0.27505,2.1899
6462,-9.0915,0.29974,2.2021
6464,-9.0257,0.30634,2.2021
6466,-8.8988,0.2354,2.3496
6466,-8.7506,0.14128,2.4337
6467,-8.6181,0.0022736,2.4547
6467,-8.4966,-0.1209,2.4722
6468,-8.4053,-0.17999,2.5268
6469,-8.3401,-0.17659,2.6605
6571,-8.3692,-0.24701,2.6623
6573,-8.4907,-0.2831,2.6426
6575,-8.5932,-0.35716,2.6216
6576,-8.6192,-0.39922,2.5242
6577,-8.6121,-0.4239,2.4846
6577,-8.4904,-0.44859,2.4431
6578,-8.2817,-0.48676,2.4992
6579,-8.0842,-0.55513,2.6227
6579,-7.9413,-0.60281,2.7651
6652,-7.818,-0.64975,2.9323
6652,-7.7436,-0.71989,3.1573
6653,-7.8262,-0.86203,3.4066
6653,-7.9501,-0.8788,3.5129
6654,-8.1507,-0.91426,3.468
6655,-8.2952,-0.91949,3.3887
6655,-8.4594,-0.91367,3.2913
6656,-8.8012,-0.87761,3.073
6657,-9.1794,-0.7944,2.8521
6657,-9.759,-0.58931,2.7502
6749,-10.289,-0.52443,2.8367
6750,-10.755,-0.54601,2.9443
6750,-11.097,-0.65735,3.1282
6751,-11.25,-0.82344,3.3881
6752,-11.07,-0.82658,3.7348
6752,-10.593,-0.71779,3.9863
6753,-10.08,-0.5752,4.0674
6753,-9.5928,-0.46101,4.0612
6754,-9.1039,-0.39188,3.9772
6850,-8.6694,-0.38605,3.7881
6850,-8.3076,-0.40234,3.6106
6851,-7.9863,-0.43916,3.3764
6852,-7.8394,-0.45981,3.0801
6853,-7.7556,-0.47896,2.7647
6853,-7.7099,-0.48869,2.4295
6854,-7.7687,-0.49812,2.0345
6855,-7.9254,-0.54301,1.7259
6856,-8.2051,-0.66333,1.5077
6856,-8.5515,-0.83899,1.3543
6951,-9.0719,-1.0632,1.3006
6954,-9.6673,-1.3675,1.2688
6958,-10.617,-1.703,1.1438
6963,-11.497,-2.0083,0.96201
6966,-11.899,-2.1826,0.9463
6968,-11.726,-2.1702,1.0451
6970,-10.895,-2.0986,1.3018
6973,-9.4689,-1.9378,1.8839
6976,-8.5534,-1.5609,2.3741
6976,-7.8173,-0.96149,2.7652
7039,-7.5742,-0.61507,2.8789
7040,-7.4216,-0.29013,2.9209
7041,-7.3874,0.023209,3.0358
7041,-7.5679,0.20203,3.2248
7042,-7.8914,0.21057,3.4854
7043,-8.3167,-0.044876,3.7842
7043,-8.6947,-0.4263,3.951
7044,-8.991,-0.85457,3.9501
7045,-9.3057,-1.2549,3.7566
7140,-9.5087,-1.6504,3.4616
7141,-9.5668,-2.0166,3.2196
7142,-9.5947,-2.2612,3.0608
7143,-9.5326,-2.2686,2.888
7144,-9.4619,-2.053,2.6921
7146,-9.4237,-1.6467,2.5552
7146,-9.3456,-1.2804,2.6023
7147,-9.1974,-1.0021,2.7078
7148,-9.0493,-0.87132,2.7964
7148,-8.9123,-0.86203,2.8306
7230,-8.7339,-0.88763,2.7638
7231,-8.6576,-0.86444,2.7264
7231,-8.6576,-0.73785,2.7367
7232,-8.6884,-0.54362,2.75
7233,-8.7483,-0.39795,2.8005
7234,-8.7854,-0.33621,2.8129
7234,-8.8094,-0.24643,2.8573
7235,-8.7985,-0.19017,2.9245
7236,-8.7984,-0.17821,2.9739
7329,-8.7126,-0.32384,2.8978
7330,-8.621,-0.40489,2.8533
7331,-8.542,-0.55797,2.9125
7332,-8.5543,-0.69385,2.9836
7333,-8.5025,-0.83452,3.1023
7334,-8.4778,-0.98265,3.0876
7335,-8.5175,-1.1179,2.9996
7336,-8.561,-1.223,2.8578
7337,-8.5857,-1.2307,2.7575
7337,-8.6107,-1.1771,2.6683
7428,-8.6989,-1.0729,2.6107
7429,-8.8344,-0.92519,2.6561
7430,-8.8216,-0.77705,2.7886
7432,-8.78,-0.66887,2.8341
7433,-8.8105,-0.63249,2.8718
7435,-8.8543,-0.62172,2.7836
7440,-8.9544,-0.58313,2.6462
7441,-9.0867,-0.49318,2.5717
7442,-9.1062,-0.40234,2.6185
7537,-9.14,-0.39078,2.721
7540,-8.9173,-0.35327,2.6372
7542,-8.8295,-0.3645,2.7189
7543,-8.7554,-0.43289,2.6695
7544,-8.6926,-0.44859,2.6538
7545,-8.6683,-0.43228,2.6701
7546,-8.667,-0.41209,2.6935
7547,-8.7324,-0.35538,2.7836
7549,-8.796,-0.30225,2.8576
7550,-8.7707,-0.2674,2.9735
7625,-8.7155,-0.26778,3.1111
7627,-8.6959,-0.31078,3.0939
7630,-8.7303,-0.37737,2.8747
7632,-8.794,-0.45145,2.6905
7634,-8.86,-0.50726,2.493
7635,-8.8299,-0.50262,2.2954
7637,-8.9672,-0.47792,2.2042
7639,-9.0347,-0.45323,2.2404
7641,-9.0598,-0.44066,2.2525
7643,-8.9905,-0.4753,2.3288
7714,-8.9095,-0.483,2.4713
7714,-8.8491,-0.50771,2.5372
7715,-8.8642,-0.50217,2.4672
7716,-8.9302,-0.49065,2.4143
7716,-8.9902,-0.38126,2.446
7716,-9.0023,-0.31976,2.4953
7717,-9.0385,-0.23416,2.5266
7717,-9.0451,-0.15904,2.5896
7718,-9.0525,-0.093063,2.619
7810,-9.0272,-0.044113,2.6156
7811,-9.0234,0.020966,2.5679
7811,-9.0406,0.038177,2.5702
7812,-9.0406,0.025146,2.5468
7812,-9.0035,0.00047302,2.5654
7813,-8.9903,-0.048309,2.6262
7814,-8.9832,-0.1396,2.6932
7814,-8.8871,-0.19167,2.6552
7815,-8.8515,-0.17012,2.5253
7816,-8.8572,-0.13118,2.5085
7908,-8.8786,-0.10033,2.4791
7910,-8.8684,-0.076889,2.3752
7911,-8.8575,-0.12044,2.3254
7914,-8.8299,-0.18883,2.2541
7916,-8.8135,-0.31227,2.2048
7917,-8.8271,-0.34775,2.2106
7918,-8.8276,-0.37244,2.2763
7919,-8.863,-0.38319,2.3396
7920,-8.9077,-0.36349,2.4133
8006,-8.9881,-0.32085,2.4706
8007,-8.9796,-0.29521,2.539
8008,-8.9471,-0.30434,2.6145
8008,-8.9257,-0.30988,2.6815
8009,-8.9522,-0.33456,2.8031
8009,-8.9975,-0.34489,2.8629
8010,-8.9832,-0.36255,2.7943
8011,-8.9518,-0.31317,2.7575
8011,-8.8874,-0.26379,2.7693
8012,-8.9613,-0.26144,2.8136
8109,-9.0677,-0.28743,2.7925
8109,-9.0029,-0.29671,2.7
8110,-8.998,-0.3214,2.6704
8110,-9.0394,-0.32454,2.6857
8111,-9.0215,-0.30322,2.7643
8112,-9.0215,-0.29088,2.7889
8112,-9.0393,-0.30524,2.778
8113,-8.9939,-0.3024,2.6899
8114,-8.9251,-0.29716,2.5268
8197,-8.8689,-0.32573,2.4325
8200,-8.8923,-0.33397,2.4659
8205,-8.9449,-0.45024,2.6737
8208,-8.9321,-0.56172,2.7957
8210,-8.8709,-0.70341,2.8515
8212,-8.906,-0.7326,2.815
8214,-8.9946,-0.66573,2.7845
8217,-9.0686,-0.4839,2.6947
8218,-9.1577,-0.33862,2.6468
8220,-9.1541,-0.26003,2.6398
8304,-8.9684,-0.1116,2.442
8306,-8.8126,-0.076294,2.4119
8307,-8.7291,-0.22609,2.5034
8308,-8.7469,-0.30016,2.4894
8309,-8.8371,-0.3419,2.5055
8309,-8.9308,-0.34489,2.5787
8310,-8.9964,-0.33682,2.6698
8310,-9.0134,-0.32573,2.6945
8311,-9.0215,-0.28743,2.7
8312,-9.0215,-0.27054,2.6663
8393,-8.9197,-0.2572,2.6809
8396,-8.8376,-0.24911,2.6643
8399,-8.8359,-0.28743,2.5672
8401,-8.8682,-0.28743,2.4446
8404,-8.8964,-0.28743,2.4057
8407,-8.9453,-0.28699,2.3931
8410,-8.976,-0.26828,2.3864
8412,-9.0023,-0.25676,2.4473
8414,-9.0365,-0.23207,2.4873
8487,-9.0166,-0.21082,2.5014
8489,-8.955,-0.20184,2.5456
8490,-8.9013,-0.2207,2.624
8491,-8.8665,-0.25092,2.7027
8492,-8.8428,-0.30675,2.7511
8494,-8.8922,-0.36884,2.7503
8495,-8.9416,-0.41823,2.775
8496,-8.9871,-0.51369,2.8419
8498,-8.9646,-0.60303,2.8913
8499,-8.9645,-0.72279,2.8849
8581,-8.9983,-0.84424,2.8506
8585,-8.9449,-0.86893,2.8012
8588,-8.9449,-0.86877,2.7643
8590,-8.891,-0.79021,2.7575
8592,-8.9044,-0.75325,2.8002
8595,-8.892,-0.67918,2.8249
8596,-8.9028,-0.60512,2.8958
8597,-8.9449,-0.57474,2.9317
8597,-8.9302,-0.57474,2.9711
8698,-8.847,-0.55772,3.0065
8701,-8.8304,-0.57425,3.0065
8704,-8.7438,-0.54121,2.9491
8707,-8.746,-0.52461,2.8709
8710,-8.8042,-0.4664,2.774
8711,-8.8108,-0.45308,2.6719
8711,-8.8108,-0.41014,2.5887
8712,-8.8108,-0.42151,2.5793
8713,-8.8674,-0.42151,2.604
8714,-8.8998,-0.40234,2.5468
8782,-8.9495,-0.40234,2.5587
8783,-8.9803,-0.40234,2.5986
8783,-8.9832,-0.42421,2.6399
8784,-8.9996,-0.44066,2.6399
8785,-9.0077,-0.45444,2.648
8786,-9.012,-0.45981,2.6523
8786,-9.0158,-0.4655,2.6617
8787,-9.0023,-0.50142,2.6505
8788,-9.0191,-0.53404,2.6594
8788,-8.9781,-0.53642,2.6694
8889,-8.9336,-0.53082,2.7192
8889,-8.8923,-0.50307,2.7476
8890,-8.8868,-0.46042,2.7767
8891,-8.8867,-0.47896,2.7767
8891,-8.9024,-0.47896,2.7767
8892,-8.8874,-0.47037,2.7681
8893,-8.8874,-0.45981,2.7539
8893,-8.8692,-0.45068,2.7475
8894,-8.8344,-0.42601,2.8015
8895,-8.7743,-0.40234,2.8341
8978,-8.8124,-0.40234,2.7927
8979,-8.8542,-0.40234,2.7454
8979,-8.9389,-0.40234,2.703
8980,-8.964,-0.40639,2.6577
8981,-8.9449,-0.43109,2.6713
8982,-8.9106,-0.44066,2.7454
8982,-8.8712,-0.46132,2.7782
8983,-8.9066,-0.47896,2.7958
8984,-8.894,-0.45383,2.7958
9071,-8.9074,-0.45981,2.7958
9072,-8.9538,-0.45532,2.7958
9073,-8.9932,-0.45068,2.8159
9075,-9.049,-0.45981,2.8497
9076,-9.0809,-0.44066,2.8455
9077,-9.0981,-0.43318,2.7692
9077,-9.1111,-0.42151,2.7315
9078,-9.0801,-0.42151,2.6821
9079,-8.9875,-0.42151,2.6185
9079,-8.8954,-0.41325,2.596
9176,-8.7557,-0.40234,2.5406
9177,-8.6145,-0.38559,2.4702
9177,-8.5572,-0.39442,2.4543
9178,-8.537,-0.39667,2.4184
9179,-8.5997,-0.36435,2.3557
9179,-8.6492,-0.37631,2.3553
9180,-8.7313,-0.37228,2.3881
9180,-8.8054,-0.36404,2.4951
9181,-8.8548,-0.3669,2.6022
9182,-8.8874,-0.38319,2.7684
9270,-8.9182,-0.39857,2.8266
9271,-8.9455,-0.3835,2.873
9273,-8.989,-0.39069,2.9224
9274,-8.991,-0.37543,2.9718
9275,-8.9832,-0.3494,3.055
9276,-8.9416,-0.34489,3.1089
9277,-8.9257,-0.34489,3.1318
9277,-8.9257,-0.35927,3.1214
9278,-8.9058,-0.38242,3.0816
9361,-8.8806,-0.36404,3.0245
9362,-8.8682,-0.37587,2.9637
9363,-8.8856,-0.38319,2.897
9364,-8.8912,-0.37946,2.7617
9364,-8.9344,-0.37332,2.6722
9365,-8.9492,-0.38319,2.5982
9366,-8.9257,-0.40234,2.5229
9366,-8.9324,-0.40234,2.4309
9367,-8.9571,-0.40234,2.4181
9368,-8.9504,-0.42957,2.4591
9462,-8.964,-0.44066,2.5678
9465,-8.964,-0.43094,2.6718
9467,-8.964,-0.43678,2.7153
9469,-8.9449,-0.44395,2.7126
9470,-8.9485,-0.47896,2.6282
9472,-8.9608,-0.47896,2.5789
9474,-9.0005,-0.51549,2.4747
9476,-9.0122,-0.49348,2.451
9477,-8.973,-0.45862,2.4714
9557,-8.8755,-0.4239,2.4846
9558,-8.7854,-0.44695,2.4406
9559,-8.7037,-0.54391,2.3324
9560,-8.6181,-0.65256,2.311
9561,-8.6188,-0.72662,2.3731
9563,-8.6779,-0.73306,2.4139
9564,-8.7767,-0.72588,2.5127
9565,-8.8593,-0.69266,2.563
9566,-8.8925,-0.70117,2.6911
9567,-8.9257,-0.65135,2.7736
9657,-8.9393,-0.63776,2.7958
9659,-8.9257,-0.61304,2.7767
9661,-8.9121,-0.58836,2.7656
9664,-8.8925,-0.5526,2.7384
9666,-8.8682,-0.51982,2.7882
9668,-8.8491,-0.49812,2.821
9669,-8.8491,-0.48959,2.8533
9670,-8.8772,-0.4649,2.8392
9670,-8.8877,-0.44,2.8147
9671,-8.906,-0.40346,2.7964
9754,-8.9066,-0.39847,2.7767
9756,-8.9066,-0.36615,2.7426
9757,-8.91,-0.36404,2.7575
9758,-8.9167,-0.37303,2.7485
9758,-8.9066,-0.39046,2.7384
9759,-8.9075,-0.40146,2.7393
9759,-8.9193,-0.38963,2.7446
9760,-8.9185,-0.41432,2.7312
9761,-8.9607,-0.40399,2.7209
9847,-9.0098,-0.3949,2.7267
9848,-9.0403,-0.38319,2.7101
9849,-9.0598,-0.38319,2.651
9850,-9.0379,-0.3627,2.6275
9850,-8.9954,-0.34489,2.6947
9851,-8.9832,-0.33247,2.7316
9851,-8.9832,-0.3437,2.6665
9852,-9.0345,-0.34924,2.5591
9853,-9.0888,-0.35417,2.4406
9853,-9.0539,-0.33017,2.398
9960,-9.0406,-0.32394,2.4565
9963,-9.0113,-0.29926,2.5159
9965,-8.9383,-0.28743,2.5534
9967,-8.9257,-0.30583,2.5844
9967,-8.9113,-0.31616,2.6043
9968,-8.9257,-0.33456,2.6146
9969,-8.9257,-0.32573,2.7028
9969,-8.9618,-0.32573,2.7451
9970,-8.9504,-0.32573,2.8014
10038,-8.9735,-0.32573,2.7959
10039,-8.9455,-0.3446,2.739
10040,-8.964,-0.34489,2.6843
10040,-8.9532,-0.34489,2.5995
10041,-8.9286,-0.34489,2.5986
10042,-8.9148,-0.34489,2.6043
10043,-8.9066,-0.34489,2.5878
10043,-8.9066,-0.34489,2.5798
10044,-8.9069,-0.34489,2.6234
10045,-8.9372,-0.34489,2.6234
10143,-8.9386,-0.34489,2.6363
10144,-8.9616,-0.34489,2.6426
10146,-8.964,-0.32573,2.6489
10146,-8.964,-0.33443,2.6635
10147,-8.9498,-0.33067,2.6426
10148,-8.9449,-0.32634,2.6222
10148,-8.951,-0.34489,2.5729
10149,-8.964,-0.33322,2.5352
10149,-8.9468,-0.30853,2.5449
10228,-8.9237,-0.32573,2.568
10229,-8.8974,-0.32573,2.5851
10229,-8.8874,-0.31108,2.5705
10230,-8.8895,-0.32678,2.5681
10231,-8.9257,-0.33832,2.6043
10231,-8.9257,-0.32573,2.6164
10232,-8.9434,-0.32573,2.6234
10233,-8.9449,-0.32573,2.6386
10234,-8.9544,-0.32573,2.6139
10234,-8.9535,-0.32573,2.5938
10329,-8.9434,-0.30658,2.5821
10330,-8.9398,-0.30658,2.5398
10333,-8.964,-0.29402,2.5151
10336,-8.964,-0.30554,2.4904
10336,-8.9426,-0.32573,2.5254
10337,-8.9303,-0.32573,2.5131
10338,-8.9102,-0.34131,2.5396
10338,-8.9429,-0.32768,2.5468
10339,-8.9332,-0.34489,2.5543
10339,-8.9449,-0.34489,2.5826
10428,-8.9262,-0.34489,2.6038
10430,-8.9257,-0.35912,2.6426
10432,-8.9152,-0.35538,2.6426
10434,-8.9226,-0.38007,2.6426
10436,-8.9113,-0.39996,2.6785
10437,-8.9369,-0.39113,2.6697
10438,-8.9122,-0.41583,2.6944
10438,-8.9256,-0.4025,2.7
10439,-8.9305,-0.42627,2.7192
10518,-8.9449,-0.44066,2.6999
10519,-8.9284,-0.44066,2.6974
10519,-8.942,-0.42151,2.6837
10520,-8.9341,-0.4299,2.7
10521,-8.9449,-0.44066,2.7279
10522,-8.9449,-0.44066,2.7572
10523,-8.9507,-0.42899,2.7325
10524,-8.964,-0.39098,2.7192
10525,-8.964,-0.3663,2.6685
10525,-8.9489,-0.36404,2.6315
10617,-8.9449,-0.35172,2.6234
10618,-8.9305,-0.35927,2.6091
10619,-8.9066,-0.3633,2.6035
10621,-8.9066,-0.35118,2.5914
10622,-8.9066,-0.37587,2.6161
10623,-8.9066,-0.38319,2.6234
10624,-8.9257,-0.3678,2.6463
10626,-8.9257,-0.37393,2.671
10626,-8.9109,-0.34924,2.6661
10716,-8.9219,-0.36023,2.6809
10717,-8.9066,-0.34489,2.6944
10718,-8.9066,-0.34489,2.756
10719,-8.9066,-0.34489,2.7767
10720,-8.9108,-0.36404,2.8
10721,-8.9354,-0.37378,2.815
10724,-8.9449,-0.38319,2.815
10725,-8.9066,-0.38156,2.8483
10726,-8.9066,-0.36404,2.7958
10727,-8.9173,-0.35327,2.7743
10811,-8.9077,-0.36296,2.7214
10811,-8.9019,-0.38319,2.6809
10812,-8.8772,-0.38319,2.6809
10813,-8.884,-0.39891,2.6809
10813,-8.8885,-0.40234,2.6809
10814,-8.9008,-0.40234,2.6809
10815,-8.8802,-0.41553,2.6546
10816,-8.9057,-0.4028,2.6426
10816,-8.8632,-0.40234,2.7153
10915,-8.8312,-0.38319,2.7958
10916,-8.8813,-0.38319,2.7958
10917,-8.9091,-0.36404,2.7473
10918,-8.95,-0.36404,2.6486
10918,-8.9832,-0.35043,2.5634
10919,-8.9832,-0.34489,2.5277
10919,-8.9146,-0.34489,2.5715
10920,-8.8763,-0.34489,2.5851
10921,-8.8516,-0.34489,2.5685
10921,-8.8334,-0.36404,2.566
11001,-8.8491,-0.35434,2.566
11002,-8.8772,-0.35896,2.566
11003,-8.907,-0.34535,2.6061
11005,-8.9197,-0.35806,2.6809
11006,-8.9181,-0.34489,2.6924
11007,-8.9428,-0.32784,2.6659
11008,-8.9675,-0.34146,2.6583
11009,-8.9742,-0.32573,2.6336
11010,-8.9495,-0.32573,2.6234
11011,-8.9613,-0.32573,2.6234
11110,-8.964,-0.33217,2.6555
11110,-8.964,-0.33292,2.6809
11111,-8.9465,-0.34326,2.6984
11112,-8.9488,-0.32573,2.727
11112,-8.9593,-0.32103,2.7481
11113,-8.947,-0.30869,2.7234
11114,-8.9257,-0.32573,2.7397
11114,-8.9257,-0.32573,2.7506
11115,-8.9257,-0.32573,2.7508
11199,-8.9257,-0.32573,2.7192
11200,-8.9301,-0.32573,2.7149
11201,-8.935,-0.33562,2.6704
11201,-8.9103,-0.32948,2.6272
11202,-8.9449,-0.28923,2.6234
11203,-8.9302,-0.30658,2.6454
11204,-8.8937,-0.30658,2.6938
11205,-8.9058,-0.32498,2.7
11206,-8.9305,-0.31137,2.7
11207,-8.9337,-0.32573,2.7
11292,-8.9257,-0.30965,2.7
11293,-8.9088,-0.30884,2.7361
11294,-8.9335,-0.32573,2.7192
11296,-8.9315,-0.31242,2.6926
11296,-8.9446,-0.30658,2.6809
11297,-8.9588,-0.32573,2.6321
11298,-8.9449,-0.32573,2.6043
11298,-8.9122,-0.30943,2.5717
11299,-8.9215,-0.32787,2.5702
11388,-8.8916,-0.34489,2.6001
11389,-8.9066,-0.33113,2.6264
11390,-8.9259,-0.34476,2.6616
11391,-8.9449,-0.32573,2.654
11392,-8.9449,-0.31451,2.6809
11393,-8.9532,-0.30658,2.6641
11393,-8.964,-0.30972,2.6426
11394,-8.9553,-0.31706,2.6426
11395,-8.9306,-0.30658,2.6426
11396,-8.9267,-0.32573,2.6809
11486,-8.9449,-0.32573,2.6809
11489,-8.9332,-0.31407,2.6692
11491,-8.9257,-0.30658,2.6445
11494,-8.9257,-0.30658,2.6354
11495,-8.9257,-0.29745,2.6043
11496,-8.9257,-0.31676,2.6043
11497,-8.9449,-0.30658,2.567
11499,-8.9449,-0.30658,2.572
11500,-8.9449,-0.30658,2.5589
11501,-8.9449,-0.30658,2.6209
11579,-8.9832,-0.29147,2.6234
11579,-8.9928,-0.30658,2.6234
11580,-8.9872,-0.30658,2.6386
11580,-8.9464,-0.30658,2.6396
11581,-8.964,-0.31361,2.6113
11582,-8.9514,-0.31317,2.6109
11582,-8.9449,-0.30658,2.6043
11584,-8.9212,-0.30658,2.6145
11585,-8.8989,-0.30658,2.5851
11679,-8.9013,-0.29266,2.5712
11680,-8.9218,-0.28938,2.5679
11681,-8.8874,-0.2991,2.5851
11682,-8.9135,-0.30046,2.6112
11684,-8.9072,-0.30658,2.6234
11686,-8.9186,-0.31863,2.6355
11687,-8.9362,-0.32573,2.6426
11688,-8.9288,-0.32573,2.6266
11689,-8.909,-0.32573,2.6617
11690,-8.9017,-0.32573,2.6858
11779,-8.9023,-0.32573,2.6553
11784,-8.9066,-0.32573,2.6996
11786,-8.9119,-0.30658,2.6671
11787,-8.9257,-0.30658,2.6809
11788,-8.9586,-0.30658,2.6809
11788,-8.942,-0.32005,2.6617
11789,-8.9341,-0.3042,2.6534
11789,-8.917,-0.31183,2.6565
11790,-8.9071,-0.32544,2.6617
11867,-8.9392,-0.31227,2.6674
11868,-8.9485,-0.33711,2.6695
11869,-8.9471,-0.32799,2.6279
11869,-8.9832,-0.3,2.63
11870,-8.9655,-0.25946,2.6971
11871,-8.9449,-0.24911,2.7815
11871,-8.9272,-0.23148,2.8135
11872,-8.9766,-0.26199,2.739
11873,-9.026,-0.24911,2.5908
11874,-9.0535,-0.24911,2.5083
11968,-9.014,-0.25287,2.4777
11969,-8.9739,-0.26828,2.5271
11970,-8.9492,-0.29791,2.532
11972,-8.9425,-0.32573,2.5648
11973,-8.9066,-0.3291,2.5502
11974,-8.9066,-0.34146,2.5625
11976,-8.9066,-0.34489,2.6016
11976,-8.9108,-0.32573,2.6659
11977,-8.9354,-0.31601,2.6906
12070,-8.9066,-0.30803,2.6986
12071,-8.9099,-0.3241,2.676
12073,-8.9377,-0.30658,2.5947
12074,-8.9257,-0.31931,2.5468
12076,-8.944,-0.32573,2.5103
12076,-8.9495,-0.34489,2.523
12077,-8.964,-0.34489,2.5289
12077,-8.9797,-0.34489,2.5625
12078,-8.964,-0.34489,2.6064
12079,-8.964,-0.3376,2.6234
12158,-8.964,-0.32573,2.6363
12159,-8.964,-0.32573,2.6239
12160,-8.9539,-0.32065,2.6094
12161,-8.9257,-0.29596,2.6128
12162,-8.9419,-0.30359,2.5881
12163,-8.9257,-0.30658,2.6043
12163,-8.9419,-0.30658,2.5962
12164,-8.9776,-0.29297,2.5443
12166,-8.964,-0.26828,2.5468
12166,-8.964,-0.26828,2.5468
12262,-8.9529,-0.2572,2.6043
12264,-8.9283,-0.24911,2.6375
12267,-8.9449,-0.26828,2.6043
12269,-8.9534,-0.26828,2.6128
12273,-8.957,-0.26828,2.6234
12276,-8.9449,-0.26874,2.623
12279,-8.9329,-0.28743,2.6103
12283,-8.9181,-0.28743,2.6234
12286,-8.9257,-0.28743,2.6064
12354,-8.9574,-0.27495,2.6043
12355,-8.9538,-0.27846,2.5953
12357,-8.9495,-0.28281,2.5851
12360,-8.9458,-0.30658,2.566
12364,-8.9512,-0.30658,2.566
12367,-8.9497,-0.31856,2.566
12370,-8.9465,-0.32573,2.566
12373,-8.9296,-0.32185,2.566
12377,-8.9449,-0.30658,2.5565
12381,-8.9586,-0.32031,2.5331
12447,-8.9476,-0.30658,2.5482
12448,-8.9901,-0.31348,2.5591
12449,-8.9775,-0.32573,2.5344
12450,-8.964,-0.32573,2.5097
12450,-8.9684,-0.30225,2.5277
12451,-8.9733,-0.29732,2.5277
12451,-8.9794,-0.30658,2.5123
12452,-8.9485,-0.30479,2.5295
12452,-8.9832,-0.28743,2.5468
12548,-8.9672,-0.28743,2.5468
12550,-8.9633,-0.28743,2.5652
12552,-8.9688,-0.28743,2.542
12554,-8.9729,-0.28743,2.538
12556,-8.9799,-0.3033,2.5468
12556,-8.9939,-0.29588,2.5361
12557,-9.0023,-0.28743,2.5354
12558,-9.0023,-0.28743,2.5468
12558,-9.0023,-0.28743,2.5091
12559,-8.9957,-0.29411,2.496
12642,-8.9709,-0.30658,2.4963
12643,-8.9477,-0.29028,2.4894
12644,-8.9586,-0.28474,2.4921
12645,-8.9422,-0.27652,2.5168
12646,-8.964,-0.28743,2.5139
12647,-8.9835,-0.28743,2.5087
12648,-9.0044,-0.28743,2.522
12649,-8.9753,-0.29866,2.531
12650,-8.9999,-0.30658,2.5133
12737,-8.9825,-0.28674,2.5085
12738,-8.9727,-0.27696,2.5085
12739,-8.9547,-0.27322,2.5085
12740,-8.964,-0.30598,2.5091
12741,-8.9702,-0.29356,2.5277
12742,-8.9715,-0.30658,2.5277
12742,-8.9812,-0.28938,2.5449
12743,-8.9832,-0.28743,2.5432
12744,-8.9923,-0.27831,2.5368
12746,-8.9924,-0.2881,2.5468
12838,-8.9832,-0.29935,2.5541
12839,-8.9832,-0.29402,2.5528
12840,-8.9711,-0.29446,2.5155
12841,-8.9464,-0.28743,2.5085
12842,-8.9681,-0.28743,2.5236
12842,-8.9928,-0.28743,2.5372
12843,-8.9721,-0.31766,2.5358
12844,-8.9464,-0.32423,2.4849
12844,-8.964,-0.29956,2.446
12845,-8.9337,-0.28743,2.5461
12944,-8.9257,-0.25092,2.639
12946,-8.9449,-0.25362,2.6426
12947,-8.9649,-0.26828,2.6025
12948,-8.9987,-0.28384,2.5193
12948,-8.9812,-0.30464,2.4874
12949,-8.964,-0.28743,2.4852
12950,-8.925,-0.30046,2.5215
12950,-8.9066,-0.30658,2.5462
12951,-8.915,-0.31499,2.5361
13036,-8.9535,-0.33627,2.5574
13036,-8.98,-0.30972,2.5628
13037,-8.9664,-0.3042,2.5636
13037,-8.9832,-0.29536,2.5468
13038,-8.9832,-0.29312,2.5064
13039,-8.9927,-0.29694,2.4799
13039,-8.9862,-0.30658,2.4756
13040,-8.9558,-0.29567,2.4784
13041,-8.9476,-0.28743,2.4867
13042,-8.9366,-0.30658,2.4756
13127,-8.9759,-0.31844,2.5131
13128,-8.9832,-0.31183,2.5138
13130,-9.0023,-0.3446,2.5471
13131,-8.9965,-0.3199,2.5602
13132,-8.9832,-0.31796,2.5582
13133,-9.0001,-0.32573,2.5491
13134,-8.9673,-0.3033,2.5277
13135,-8.9743,-0.29626,2.5365
13136,-8.964,-0.29222,2.5468
13220,-8.964,-0.29028,2.5717
13221,-8.964,-0.31287,2.6043
13222,-8.9758,-0.31392,2.5688
13224,-8.9658,-0.30658,2.5295
13225,-8.9757,-0.26828,2.5048
13226,-8.9449,-0.27756,2.5079
13227,-8.9301,-0.27263,2.5425
13227,-8.9269,-0.27068,2.5468
13228,-8.9449,-0.29985,2.5536
13229,-8.9549,-0.2975,2.5559
13317,-8.964,-0.32402,2.5468
13318,-8.964,-0.3024,2.5744
13319,-8.9446,-0.29716,2.6043
13319,-8.9715,-0.29132,2.589
13320,-8.9457,-0.28825,2.5835
13321,-8.958,-0.3006,2.5588
13321,-8.9513,-0.29387,2.5468
13322,-8.9449,-0.30569,2.5286
13323,-8.9303,-0.29207,2.5468
13323,-8.9449,-0.30658,2.5648
13432,-8.9281,-0.30658,2.5995
13434,-8.9278,-0.30869,2.5851
13436,-8.9449,-0.3181,2.5928
13437,-8.9449,-0.30658,2.6043
13439,-8.9636,-0.32529,2.623
13443,-8.95,-0.28743,2.6426
13444,-8.9534,-0.29807,2.6426
13446,-8.9449,-0.30658,2.6264
13446,-8.964,-0.30658,2.6015
13517,-8.964,-0.30658,2.5762
13518,-8.964,-0.30658,2.5932
13519,-8.964,-0.30658,2.5851
13519,-8.9202,-0.30658,2.6098
13520,-8.9287,-0.29552,2.6234
13521,-8.9449,-0.30405,2.6401
13522,-8.961,-0.29044,2.6809
13525,-8.9363,-0.29807,2.6809
13526,-8.9257,-0.28743,2.695
13526,-8.9568,-0.28743,2.7311
13607,-8.97,-0.25511,2.7264
13608,-8.9947,-0.2798,2.6655
13608,-9.0023,-0.30449,2.5573
13609,-8.9709,-0.31003,2.425
13609,-8.9799,-0.32124,2.3891
13610,-8.9182,-0.3089,2.3768
13611,-8.9057,-0.30569,2.3954
13611,-8.8938,-0.29387,2.4448
13612,-8.9185,-0.29462,2.4822
13708,-8.9299,-0.28743,2.5319
13710,-8.9449,-0.28743,2.5546
13712,-8.9543,-0.29686,2.5946
13714,-8.964,-0.29163,2.6192
13721,-8.9462,-0.32573,2.644
13723,-8.9709,-0.32573,2.6755
13724,-8.9708,-0.31332,2.6876
13726,-8.964,-0.30658,2.6629
13727,-8.9597,-0.30225,2.6809
13728,-8.9345,-0.29776,2.6809
13798,-8.8946,-0.29103,2.7276
13799,-8.9084,-0.30658,2.7539
13801,-8.9184,-0.29926,2.7192
13802,-8.9066,-0.28743,2.6935
13803,-8.9618,-0.25063,2.6073
13804,-8.988,-0.26349,2.5229
13805,-9.0023,-0.24911,2.4201
13807,-9.0182,-0.24911,2.3777
13808,-9.0789,-0.24741,2.3135
13897,-9.0761,-0.22157,2.2843
13899,-9.0332,-0.15919,2.3436
13900,-9.0403,-0.17221,2.4119
13902,-9.0406,-0.19167,2.465
13903,-9.0406,-0.21321,2.4403
13904,-9.0325,-0.23813,2.4074
13905,-9.0242,-0.24911,2.3691
13906,-9.0242,-0.26558,2.3444
13907,-8.961,-0.28743,2.4241
13907,-8.8673,-0.28767,2.5473
13992,-8.8008,-0.30658,2.5393
13996,-8.822,-0.31781,2.4557
13998,-8.8299,-0.32573,2.3146
14000,-8.8522,-0.34489,2.2884
14002,-8.8682,-0.35358,2.2317
14003,-8.8967,-0.34984,2.2496
14005,-8.9066,-0.3844,2.3379
14006,-8.9004,-0.42764,2.4059
14007,-8.8757,-0.45233,2.4552
14007,-8.8682,-0.45981,2.5218
14089,-8.8874,-0.47537,2.5768
14092,-8.8965,-0.44156,2.6599
14095,-8.9066,-0.42151,2.7587
14096,-8.9278,-0.40025,2.816
14097,-8.9706,-0.36404,2.8341
14097,-8.9832,-0.33981,2.8099
14098,-9.0361,-0.3434,2.7429
14098,-9.0215,-0.3217,2.692
14099,-9.0144,-0.31369,2.6546
14192,-8.9634,-0.32573,2.6426
14192,-8.9449,-0.34641,2.6013
14193,-8.9449,-0.36404,2.5589
14194,-8.9574,-0.35149,2.5091
14194,-8.9821,-0.34489,2.4532
14195,-8.9832,-0.33307,2.451
14196,-9.0032,-0.32573,2.441
14196,-9.037,-0.31018,2.4475
14197,-9.0426,-0.32573,2.4913
14198,-9.0706,-0.32573,2.4977
14282,-9.0789,-0.32573,2.4604
14282,-9.0604,-0.32573,2.4325
14283,-9.0549,-0.30658,2.4177
14283,-9.0302,-0.29611,2.4319
14285,-9.0375,-0.28743,2.4319
14286,-9.0215,-0.26828,2.4966
14287,-9.0294,-0.26035,2.5548
14288,-9.0137,-0.2222,2.539
14289,-9.0213,-0.21082,2.4517
14381,-9.0596,-0.16286,2.4271
14383,-8.9914,-0.12329,2.3691
14384,-8.9503,-0.082138,2.3032
14386,-8.9754,-0.14558,2.2262
14386,-9.049,-0.22758,2.1278
14387,-9.018,-0.29088,2.162
14388,-8.9452,-0.30629,2.2987
14388,-8.9757,-0.28743,2.367
14389,-9.0251,-0.28743,2.405
14390,-9.065,-0.28743,2.4249
14476,-9.0789,-0.27158,2.4286
14477,-9.0701,-0.28743,2.4128
14478,-9.0311,-0.28743,2.384
14479,-8.9625,-0.32573,2.3346
14480,-8.9257,-0.32889,2.2915
14480,-8.9257,-0.34123,2.2669
14481,-8.891,-0.32753,2.2942
14482,-8.872,-0.32948,2.3744
14482,-8.906,-0.33562,2.3744
14572,-8.964,-0.32509,2.3744
14573,-8.9628,-0.30539,2.3732
14574,-8.9516,-0.29417,2.362
14574,-8.9518,-0.33113,2.3867
14575,-8.9449,-0.34489,2.4292
14576,-8.9682,-0.32573,2.4702
14576,-8.9637,-0.32573,2.4605
14578,-9.0059,-0.29521,2.4663
14578,-9.0198,-0.2858,2.4527
14579,-8.989,-0.26828,2.4902
14668,-8.9275,-0.26828,2.5642
14670,-8.9613,-0.26828,2.6399
14671,-9.007,-0.29207,2.5712
14673,-9.0418,-0.31676,2.5073
14674,-9.0284,-0.31003,2.4422
14675,-9.0598,-0.30658,2.349
14676,-9.0598,-0.31422,2.3055
14677,-9.0466,-0.32573,2.3302
14678,-9.0032,-0.30704,2.3174
14678,-8.9683,-0.30658,2.334
14768,-8.9555,-0.31721,2.2851
14769,-8.9963,-0.30959,2.2918
14771,-8.9857,-0.30405,2.3221
14776,-9.0185,-0.27936,2.3634
14777,-9.0406,-0.26828,2.3881
14778,-9.0406,-0.26828,2.4128
14778,-9.0598,-0.26828,2.3553
14779,-9.0709,-0.29044,2.3442
14779,-9.0623,-0.30658,2.3528
14861,-9.0155,-0.30658,2.3684
14862,-9.0023,-0.30658,2.3723
14863,-9.0023,-0.32065,2.3936
14864,-9.0215,-0.30569,2.4119
14866,-9.0215,-0.26828,2.3685
14867,-8.9984,-0.2798,2.3553
14868,-8.9661,-0.28743,2.3553
14869,-8.9797,-0.27173,2.3361
14870,-8.964,-0.28743,2.3541
14872,-8.938,-0.30043,2.3744
14957,-8.9257,-0.30748,2.3736
14958,-8.9386,-0.31931,2.3489
14958,-8.976,-0.31856,2.3601
14959,-9.0007,-0.30823,2.4445
14960,-9.0254,-0.3027,2.5468
14961,-9.0595,-0.28743,2.5563
14961,-9.064,-0.27248,2.551
14962,-9.0611,-0.28879,2.5468
14962,-9.0789,-0.31128,2.5468
